freq	eps_real	eps_img
1.319469e+14		
1.320996e+14		
1.323216e+14		
1.324039e+14		
1.327008e+14		
1.327097e+14		
1.330150e+14		
1.333217e+14		
1.334549e+14		
1.336103e+14		
1.336289e+14		
1.339375e+14		
1.342089e+14		
1.342456e+14		
1.345551e+14		
1.348661e+14		
1.349628e+14		
1.351765e+14		
1.354804e+14		
1.354884e+14		
1.357168e+14		
1.358008e+14		
1.361136e+14		
1.363285e+14		
1.364269e+14		
1.364708e+14		
1.367416e+14		
1.370568e+14		
1.372248e+14		
1.373734e+14		
1.376895e+14		
1.379788e+14		
1.380071e+14		
1.382324e+14		
1.383251e+14		
1.386210e+14		
1.386445e+14		
1.387327e+14		
1.389634e+14		
1.392838e+14		
1.394868e+14		
1.396046e+14		
1.399269e+14		
1.399402e+14		
1.402407e+14		
1.402497e+14		
1.405729e+14		
1.408965e+14		
1.409947e+14		
1.412216e+14		
1.415472e+14		
1.415492e+14		
1.416919e+14		
1.417487e+14		
1.418732e+14		
1.422007e+14		
1.425027e+14		
1.425286e+14		
1.428570e+14		
1.431858e+14		
1.432567e+14		
1.433470e+14		
1.435162e+14		
1.438469e+14		
1.438539e+14		
1.440106e+14		
1.441792e+14		
1.445108e+14		
1.447646e+14		
1.448439e+14		
1.451786e+14		
1.451911e+14		
1.455126e+14		
1.455185e+14		
1.455220e+14		
1.458481e+14		
1.461840e+14		
1.462725e+14		
1.465215e+14		
1.467201e+14		
1.468594e+14		
1.470266e+14		
1.471978e+14		
1.475376e+14		
1.477805e+14		
1.478768e+14		
1.478916e+14		
1.482186e+14		
1.485344e+14		
1.485597e+14		
1.487195e+14		
1.489024e+14		
1.492455e+14		
1.492885e+14		
1.495890e+14		
1.499340e+14		
1.499555e+14		
1.500425e+14		
1.502795e+14		
1.505705e+14		
1.506265e+14		
1.507964e+14		
1.509740e+14		
1.513218e+14		
1.515504e+14		
1.516701e+14		
1.520199e+14		
1.520607e+14		
1.523044e+14		
1.523701e+14		
1.527220e+14		
1.528293e+14		
1.530584e+14		
1.530742e+14		
1.534268e+14		
1.534393e+14		
1.537810e+14		
1.538124e+14		
1.540743e+14	3.949500e+00	
1.541344e+14		
1.544906e+14		
1.545664e+14		
1.548460e+14		
1.552030e+14		
1.553204e+14		
1.555616e+14		
1.559193e+14		
1.560744e+14		
1.562787e+14		
1.563767e+14		
1.566251e+14		
1.566397e+14		
1.568283e+14		
1.570011e+14		
1.573629e+14		
1.575823e+14		
1.577250e+14		
1.580888e+14		
1.583363e+14		
1.584529e+14		
1.587463e+14		
1.588187e+14		
1.590903e+14		
1.591849e+14		
1.595513e+14		
1.598443e+14		
1.599195e+14		
1.599745e+14		
1.602881e+14		
1.605982e+14		
1.606569e+14		
1.610275e+14		
1.613522e+14		
1.613998e+14		
1.614582e+14		
1.617710e+14		
1.621061e+14		
1.621439e+14		
1.625186e+14		
1.628602e+14		
1.628922e+14		
1.632675e+14		
1.636141e+14		
1.636445e+14		
1.640219e+14		
1.643681e+14		
1.643995e+14		
1.647789e+14		
1.649779e+14		
1.649923e+14		
1.651220e+14		
1.651586e+14		
1.655387e+14		
1.658760e+14		
1.659204e+14		
1.663040e+14		
1.666300e+14		
1.666863e+14		
1.670704e+14		
1.673841e+14		
1.674563e+14		
1.678425e+14		
1.680691e+14		
1.681381e+14		
1.682290e+14		
1.686173e+14		
1.688921e+14		
1.690058e+14		
1.693946e+14		
1.696460e+14		
1.697852e+14		
1.700691e+14		
1.701776e+14		
1.703999e+14		
1.705688e+14		
1.709633e+14		
1.711539e+14		
1.713565e+14		
1.717515e+14		
1.717923e+14		
1.719080e+14		
1.721484e+14		
1.725439e+14		
1.726619e+14		
1.729428e+14		
1.733404e+14		
1.734158e+14		
1.737398e+14		
1.741411e+14		
1.741699e+14		
1.745426e+14		
1.749239e+14		
1.749444e+14		
1.753480e+14		
1.755909e+14		
1.756779e+14		
1.757518e+14		
1.761575e+14		
1.761855e+14		
1.764319e+14		
1.765634e+14		
1.769712e+14		
1.771858e+14		
1.773792e+14		
1.777874e+14		
1.779398e+14		
1.780625e+14		
1.781975e+14		
1.786078e+14		
1.786938e+14		
1.790200e+14		
1.794324e+14		
1.794478e+14		
1.798467e+14		
1.802018e+14		
1.802612e+14		
1.806759e+14		
1.809557e+14		
1.809829e+14		
1.810925e+14		
1.815110e+14		
1.816829e+14		
1.817098e+14		
1.819280e+14		
1.823486e+14		
1.824637e+14		
1.827676e+14		
1.831904e+14		
1.832176e+14		
1.836115e+14		
1.839717e+14		
1.840346e+14		
1.841014e+14		
1.844596e+14		
1.847257e+14		
1.848848e+14		
1.853119e+14		
1.854797e+14		
1.857374e+14		
1.861666e+14		
1.862336e+14		
1.865960e+14		
1.868146e+14		
1.869875e+14		
1.870255e+14		
1.874570e+14		
1.877416e+14		
1.878887e+14		
1.880267e+14		
1.883223e+14		
1.884956e+14		
1.887562e+14		
1.891914e+14		
1.892495e+14		
1.896274e+14		
1.900036e+14		
1.900645e+14		
1.902390e+14		
1.905027e+14		
1.907576e+14		
1.909419e+14		
1.913820e+14		
1.915115e+14		
1.918233e+14		
1.922655e+14		
1.927088e+14		
1.930194e+14		
1.931336e+14		
1.931529e+14		
1.935982e+14		
1.937734e+14		
1.940445e+14		
1.941328e+14		
1.944917e+14		
1.945275e+14		
1.949401e+14		
1.952814e+14		
1.953895e+14		
1.958399e+14		
1.960355e+14		
1.962915e+14		
1.967438e+14		
1.967894e+14		
1.970223e+14		
1.971975e+14		
1.975434e+14		
1.976520e+14		
1.981077e+14		
1.982974e+14		
1.985644e+14		
1.990220e+14		
1.990512e+14		
1.994810e+14		
1.995351e+14		
1.998053e+14		
1.999408e+14		
2.004016e+14		
2.005592e+14		
2.008635e+14		
2.009464e+14		
2.013132e+14		
2.013267e+14		
2.017907e+14		
2.020672e+14		
2.022558e+14		
2.027222e+14		
2.027263e+14		
2.028212e+14		
2.031894e+14		
2.035752e+14		
2.036579e+14		
2.041274e+14		
2.043292e+14		
2.045980e+14		
2.046646e+14		
2.050695e+14		
2.050831e+14		
2.052713e+14		
2.055424e+14		
2.058371e+14		
2.059401e+14		-1.220000e-02
2.060162e+14		
2.064910e+14		
2.065911e+14		
2.069672e+14		
2.073451e+14		
2.074441e+14		
2.079224e+14		
2.080991e+14		
2.081383e+14		
2.084017e+14		
2.088531e+14		
2.088820e+14		
2.092504e+14		
2.093637e+14		
2.096070e+14		
2.097888e+14		
2.098464e+14		
2.103299e+14		
2.103611e+14		
2.108150e+14		
2.111151e+14		
2.113008e+14		
2.117880e+14		
2.118689e+14		
2.122762e+14		
2.125178e+14		
2.126229e+14		
2.127655e+14		
2.132033e+14		
2.132561e+14		
2.133770e+14		
2.137477e+14		
2.141309e+14		
2.142404e+14		
2.147341e+14		
2.148849e+14		
2.152292e+14		
2.156389e+14		
2.157253e+14		
2.162227e+14		
2.163929e+14		
2.167211e+14		
2.169631e+14		
2.171468e+14		
2.172208e+14		
2.173110e+14		
2.177214e+14		
2.179008e+14		
2.182235e+14		
2.186548e+14		
2.187264e+14		
2.191669e+14		
2.192306e+14		
2.194087e+14		
2.197361e+14		
2.201629e+14		
2.202427e+14		
2.207503e+14		
2.209169e+14		
2.211274e+14		
2.212592e+14		
2.216708e+14		
2.217600e+14		
2.217691e+14		
2.222804e+14		
2.224247e+14		
2.227930e+14		
2.231786e+14		
2.233063e+14		
2.238213e+14		
2.239327e+14		
2.243372e+14		
2.246868e+14		
2.247687e+14		
2.248438e+14		
2.248543e+14		
2.253726e+14		
2.254408e+14		
2.258922e+14		
2.261948e+14		
2.264129e+14		
2.269349e+14		
2.269486e+14		
2.274580e+14		
2.277025e+14		
2.279823e+14		
2.284565e+14		
2.285080e+14		
2.290347e+14		
2.292107e+14		
2.295627e+14		
2.299646e+14		
2.300918e+14		
2.306222e+14		
2.307187e+14		
2.311538e+14		
2.314726e+14		
2.316869e+14		
2.322209e+14		
2.322266e+14		
2.327563e+14		
2.329807e+14		
2.332926e+14		
2.334141e+14		
2.335559e+14		
2.337344e+14		
2.338306e+14		
2.343697e+14		
2.344883e+14		
2.349097e+14		
2.352425e+14		
2.354514e+14		
2.359941e+14		
2.359965e+14		
2.365381e+14		
2.367505e+14		
2.370834e+14		
2.375043e+14		
2.376301e+14		
2.381778e+14		
2.382585e+14		
2.387268e+14		
2.390122e+14		
2.392771e+14		
2.396778e+14		
2.397662e+14		
2.398287e+14		
2.403817e+14		
2.405204e+14		
2.409357e+14		
2.412743e+14		
2.414913e+14		
2.420284e+14		
2.420479e+14		
2.426059e+14		
2.427821e+14		
2.431652e+14		
2.435362e+14		
2.437258e+14		
2.441734e+14		
2.442874e+14		
2.442902e+14		
2.448506e+14		
2.450442e+14		
2.454152e+14		
2.457983e+14		
2.459808e+14		
2.465480e+14		
2.465522e+14		
2.471162e+14		
2.473062e+14		
2.476858e+14		
2.480603e+14		
2.482570e+14		
2.485684e+14		
2.488141e+14		
2.488292e+14		
2.494027e+14		
2.495681e+14		
2.499775e+14		
2.503221e+14		
2.505540e+14		
2.510760e+14		
2.511315e+14		
2.517103e+14		
2.518301e+14		
2.522908e+14		
2.525839e+14		
2.528723e+14		
2.533379e+14		
2.534551e+14		
2.540395e+14		
2.540919e+14		
2.546250e+14		
2.548460e+14		
2.552121e+14		
2.556000e+14		
2.558005e+14		
2.559587e+14		
2.563540e+14		
2.563903e+14		
2.569810e+14		
2.571079e+14		
2.575734e+14		
2.578620e+14		
2.581675e+14		
2.586159e+14		
2.587625e+14		
2.593589e+14		
2.593700e+14		
2.599569e+14		
2.601238e+14		
2.605560e+14		
2.608780e+14		
2.611567e+14		
2.616319e+14		
2.617587e+14		
2.623624e+14		
2.623857e+14		
2.628852e+14		
2.629670e+14		
2.631399e+14		
2.635734e+14		
2.638937e+14		
2.641807e+14		
2.646477e+14		
2.647897e+14		
2.654004e+14		
2.654018e+14		
2.660120e+14		
2.661558e+14		
2.666253e+14		
2.669096e+14		
2.672399e+14		
2.676638e+14		
2.677657e+14		
2.678559e+14		
2.684177e+14		
2.684736e+14		
2.690922e+14		
2.691717e+14		
2.697125e+14		
2.699256e+14		
2.703344e+14		
2.706796e+14		
2.709574e+14		
2.714338e+14		
2.715820e+14		
2.721875e+14		
2.722083e+14		
2.728356e+14		
2.729415e+14		
2.734645e+14		
2.736956e+14		
2.740952e+14		
2.743129e+14		
2.744496e+14		
2.747268e+14		
2.752033e+14		
2.753601e+14		
2.759575e+14		
2.759951e+14		
2.766314e+14		
2.767114e+14		
2.772691e+14		
2.774523e+14		
2.774654e+14		
2.779080e+14		
2.782194e+14		
2.785487e+14		
2.789733e+14		
2.791911e+14		
2.797276e+14		
2.798343e+14		
2.804797e+14		
2.804814e+14		
2.811260e+14		
2.812355e+14		
2.817740e+14		
2.819894e+14		
2.824238e+14		
2.827432e+14		
2.830748e+14		
2.834972e+14		
2.837276e+14		
2.842513e+14		
2.843812e+14		
2.850051e+14		
2.850370e+14		
2.856268e+14		
2.856941e+14		
2.857591e+14		
2.859272e+14	3.991200e+00	
2.863525e+14	3.991363e+00	
2.865131e+14	3.991425e+00	
2.870127e+14	3.991617e+00	
2.872672e+14	3.991715e+00	
2.876745e+14	3.991871e+00	
2.880213e+14	3.992004e+00	
2.883377e+14	3.992126e+00	
2.887750e+14	3.992294e+00	
2.890021e+14	3.992381e+00	
2.895290e+14	3.992584e+00	
2.896683e+14	3.992637e+00	
2.902830e+14	3.992873e+00	
2.903362e+14	3.992894e+00	
2.910054e+14	3.993151e+00	
2.910373e+14	3.993163e+00	
2.916764e+14	3.993409e+00	
2.917910e+14	3.993453e+00	
2.923486e+14	3.993667e+00	
2.925451e+14	3.993742e+00	
2.927743e+14	3.993830e+00	
2.930226e+14	3.993926e+00	
2.932989e+14	3.994032e+00	
2.936983e+14	3.994185e+00	
2.940529e+14	3.994322e+00	
2.943753e+14	3.994445e+00	
2.948071e+14	3.994611e+00	
2.950540e+14	3.994706e+00	
2.955611e+14	3.994901e+00	
2.957340e+14	3.994967e+00	
2.963152e+14	3.995191e+00	
2.964158e+14	3.995229e+00	
2.970689e+14	3.995480e+00	
2.970989e+14	3.995492e+00	
2.977841e+14	3.995755e+00	
2.978232e+14	3.995770e+00	
2.984702e+14	3.996019e+00	
2.985770e+14	3.996060e+00	
2.991585e+14	3.996283e+00	
2.993309e+14	3.996349e+00	
2.998480e+14	3.996548e+00	
3.000848e+14	3.996639e+00	
3.005393e+14	3.996814e+00	
3.008391e+14	3.996929e+00	
3.012319e+14	3.997080e+00	
3.015929e+14	3.997218e+00	
3.019267e+14	3.997347e+00	
3.023471e+14	3.997508e+00	
3.026223e+14	3.997614e+00	
3.029694e+14	3.997747e+00	
3.031006e+14	3.997798e+00	
3.033201e+14	3.997882e+00	
3.038550e+14	3.998087e+00	
3.040192e+14	3.998150e+00	
3.046088e+14	3.998377e+00	
3.047201e+14	3.998420e+00	
3.050497e+14	3.998546e+00	
3.053628e+14	3.998667e+00	
3.054227e+14	3.998690e+00	
3.061166e+14	3.998956e+00	
3.061265e+14	3.998960e+00	
3.068326e+14	3.999231e+00	
3.068706e+14	3.999246e+00	
3.075400e+14	3.999503e+00	
3.076248e+14	3.999536e+00	
3.082486e+14	3.999775e+00	
3.083787e+14	3.999825e+00	
3.089595e+14	4.000048e+00	
3.091328e+14	4.000115e+00	
3.096716e+14	4.000322e+00	
3.098864e+14	4.000404e+00	
3.103855e+14	4.000596e+00	
3.106407e+14	4.000694e+00	
3.111011e+14	4.000871e+00	
3.113946e+14	4.000984e+00	
3.118180e+14	4.001146e+00	
3.121485e+14	4.001273e+00	
3.125367e+14	4.001423e+00	
3.129024e+14	4.001563e+00	
3.132571e+14	4.001699e+00	
3.136564e+14	4.001853e+00	
3.139793e+14	4.001977e+00	
3.144108e+14	4.002143e+00	
3.147032e+14	4.002255e+00	
3.151646e+14	4.002432e+00	
3.154289e+14	4.002534e+00	
3.159184e+14	4.002722e+00	
3.161558e+14	4.002813e+00	
3.166726e+14	4.003011e+00	
3.168845e+14	4.003093e+00	
3.172893e+14	4.003248e+00	
3.174266e+14	4.003301e+00	
3.176155e+14	4.003374e+00	
3.181805e+14	4.003591e+00	
3.183471e+14	4.003655e+00	
3.188523e+14	4.003849e+00	
3.189342e+14	4.003880e+00	
3.190811e+14	4.003937e+00	
3.196883e+14	4.004170e+00	
3.198168e+14	4.004219e+00	
3.204426e+14	4.004460e+00	
3.205538e+14	4.004502e+00	
3.211967e+14	4.004749e+00	
3.212930e+14	4.004787e+00	
3.219505e+14	4.005039e+00	
3.220335e+14	4.005071e+00	
3.227045e+14	4.005329e+00	
3.227758e+14	4.005356e+00	
3.234581e+14	4.005618e+00	
3.235203e+14	4.005642e+00	
3.242126e+14	4.005908e+00	
3.242661e+14	4.005929e+00	
3.249666e+14	4.006198e+00	
3.250136e+14	4.006216e+00	
3.257202e+14	4.006487e+00	
3.257624e+14	4.006503e+00	
3.264744e+14	4.006777e+00	
3.265134e+14	4.006792e+00	
3.272282e+14	4.007067e+00	
3.272663e+14	4.007081e+00	
3.279821e+14	4.007356e+00	
3.280209e+14	4.007371e+00	
3.287365e+14	4.007646e+00	
3.287767e+14	4.007661e+00	
3.294905e+14	4.007936e+00	
3.295348e+14	4.007953e+00	
3.302444e+14	4.008225e+00	
3.302947e+14	4.008245e+00	
3.309982e+14	4.008515e+00	
3.310558e+14	4.008537e+00	
3.317521e+14	4.008805e+00	
3.318192e+14	4.008830e+00	
3.325064e+14	4.009094e+00	
3.325839e+14	4.009124e+00	
3.332601e+14	4.009384e+00	
3.333508e+14	4.009419e+00	
3.340142e+14	4.009674e+00	
3.341190e+14	4.009714e+00	
3.347682e+14	4.009963e+00	
3.348895e+14	4.010010e+00	
3.355219e+14	4.010253e+00	
3.356612e+14	4.010306e+00	
3.362761e+14	4.010543e+00	
3.364352e+14	4.010604e+00	
3.370301e+14	4.010832e+00	
3.372104e+14	4.010901e+00	
3.377839e+14	4.011122e+00	
3.379880e+14	4.011200e+00	
3.385379e+14	4.011411e+00	
3.387673e+14	4.011500e+00	
3.392917e+14	4.011701e+00	
3.395251e+14	4.011791e+00	
3.395478e+14	4.011799e+00	
3.400458e+14	4.011991e+00	
3.403307e+14	4.012100e+00	
3.408002e+14	4.012281e+00	
3.411153e+14	4.012402e+00	
3.415542e+14	4.012570e+00	
3.419017e+14	4.012704e+00	
3.423078e+14	4.012860e+00	
3.426899e+14	4.013007e+00	
3.430616e+14	4.013149e+00	
3.434799e+14	4.013310e+00	
3.438157e+14	4.013439e+00	
3.442716e+14	4.013614e+00	
3.445699e+14	4.013729e+00	
3.450650e+14	4.013919e+00	
3.453236e+14	4.014018e+00	
3.453770e+14	4.014039e+00	
3.458609e+14	4.014225e+00	
3.460780e+14	4.014308e+00	
3.466579e+14	4.014531e+00	
3.468320e+14	4.014598e+00	
3.474573e+14	4.014838e+00	
3.475860e+14	4.014887e+00	
3.482584e+14	4.015146e+00	
3.483395e+14	4.015177e+00	
3.490607e+14	4.015454e+00	
3.490936e+14	4.015467e+00	
3.498478e+14	4.015756e+00	
3.498654e+14	4.015763e+00	
3.506020e+14	4.016046e+00	
3.506724e+14	4.016073e+00	
3.513555e+14	4.016336e+00	
3.514807e+14	4.016384e+00	
3.521096e+14	4.016625e+00	
3.522906e+14	4.016695e+00	
3.528637e+14	4.016915e+00	
3.531030e+14	4.017007e+00	
3.536177e+14	4.017205e+00	
3.539171e+14	4.017320e+00	
3.543716e+14	4.017494e+00	
3.547330e+14	4.017633e+00	
3.551253e+14	4.017784e+00	
3.555507e+14	4.017947e+00	
3.558796e+14	4.018074e+00	
3.563701e+14	4.018262e+00	
3.566338e+14	4.018363e+00	
3.571913e+14	4.018578e+00	
3.573877e+14	4.018653e+00	
3.580149e+14	4.018894e+00	
3.581414e+14	4.018943e+00	
3.588403e+14	4.019211e+00	
3.588956e+14	4.019232e+00	
3.596495e+14	4.019522e+00	
3.596674e+14	4.019529e+00	
3.604032e+14	4.019811e+00	
3.604969e+14	4.019847e+00	
3.611573e+14	4.020101e+00	
3.612334e+14	4.020130e+00	
3.613276e+14	4.020167e+00	
3.619117e+14	4.020391e+00	
3.621606e+14	4.020487e+00	
3.626651e+14	4.020680e+00	
3.629955e+14	4.020807e+00	
3.634196e+14	4.020970e+00	
3.638320e+14	4.021129e+00	
3.641737e+14	4.021260e+00	
3.646711e+14	4.021451e+00	
3.649274e+14	4.021550e+00	
3.653532e+14	4.021713e+00	
3.655119e+14	4.021774e+00	
3.656813e+14	4.021839e+00	
3.663544e+14	4.022098e+00	
3.664356e+14	4.022129e+00	
3.671894e+14	4.022419e+00	
3.671987e+14	4.022422e+00	
3.679434e+14	4.022708e+00	
3.680454e+14	4.022747e+00	
3.686976e+14	4.022998e+00	
3.688939e+14	4.023073e+00	
3.694514e+14	4.023288e+00	
3.697441e+14	4.023400e+00	
3.702053e+14	4.023577e+00	
3.705961e+14	4.023727e+00	
3.709593e+14	4.023867e+00	
3.714506e+14	4.024056e+00	
3.717135e+14	4.024157e+00	
3.723068e+14	4.024384e+00	
3.724671e+14	4.024446e+00	
3.731654e+14	4.024714e+00	
3.732208e+14	4.024736e+00	
3.739754e+14	4.025026e+00	
3.740258e+14	4.025045e+00	
3.747293e+14	4.025315e+00	
3.748880e+14	4.025376e+00	
3.754832e+14	4.025605e+00	
3.757519e+14	4.025708e+00	
3.762371e+14	4.025894e+00	
3.766183e+14	4.026041e+00	
3.769911e+14	4.026184e+00	
3.774864e+14	4.026374e+00	
3.777451e+14	4.026474e+00	
3.783562e+14	4.026708e+00	
3.784991e+14	4.026763e+00	
3.792286e+14	4.027044e+00	
3.792530e+14	4.027053e+00	
3.800069e+14	4.027343e+00	
3.800903e+14	4.027375e+00	
3.801026e+14	4.027379e+00	
3.807606e+14	4.027632e+00	
3.809792e+14	4.027716e+00	
3.815151e+14	4.027922e+00	
3.818575e+14	4.028054e+00	
3.822687e+14	4.028212e+00	
3.827375e+14	4.028392e+00	
3.830230e+14	4.028501e+00	
3.836201e+14	4.028731e+00	
3.837771e+14	4.028791e+00	
3.845043e+14	4.029070e+00	
3.845310e+14	4.029081e+00	
3.852848e+14	4.029370e+00	
3.853911e+14	4.029411e+00	
3.860391e+14	4.029660e+00	
3.862788e+14	4.029752e+00	
3.867932e+14	4.029950e+00	
3.871698e+14	4.030094e+00	
3.875471e+14	4.030239e+00	
3.880617e+14	4.030437e+00	
3.883008e+14	4.030529e+00	
3.889570e+14	4.030781e+00	
3.890549e+14	4.030819e+00	
3.898088e+14	4.031108e+00	
3.898532e+14	4.031125e+00	
3.905632e+14	4.031398e+00	
3.907518e+14	4.031471e+00	
3.913164e+14	4.031687e+00	
3.916530e+14	4.031817e+00	
3.920710e+14	4.031977e+00	
3.925560e+14	4.032164e+00	
3.928251e+14	4.032267e+00	
3.934606e+14	4.032511e+00	
3.935789e+14	4.032557e+00	
3.943331e+14	4.032846e+00	
3.943678e+14	4.032860e+00	
3.950869e+14	4.033136e+00	
3.952766e+14	4.033209e+00	
3.958411e+14	4.033426e+00	
3.961880e+14	4.033559e+00	
3.965948e+14	4.033715e+00	
3.971011e+14	4.033910e+00	
3.973489e+14	4.034005e+00	
3.980168e+14	4.034261e+00	
3.981025e+14	4.034294e+00	
3.988564e+14	4.034584e+00	
3.989341e+14	4.034614e+00	
3.996107e+14	4.034874e+00	
3.998540e+14	4.034967e+00	
4.003644e+14	4.035163e+00	
4.007755e+14	4.035321e+00	
4.011184e+14	4.035453e+00	
4.016997e+14	4.035676e+00	
4.018727e+14	4.035743e+00	
4.026255e+14	4.036032e+00	
4.026263e+14	4.036032e+00	
4.033803e+14	4.036322e+00	
4.035538e+14	4.036389e+00	
4.038444e+14	4.036500e+00	
4.041344e+14	4.036612e+00	
4.044839e+14	4.036746e+00	
4.048888e+14	4.036902e+00	
4.054165e+14	4.037104e+00	
4.056425e+14	4.037191e+00	
4.063508e+14	4.037463e+00	
4.063963e+14	4.037481e+00	
4.071504e+14	4.037770e+00	
4.072876e+14	4.037823e+00	
4.079046e+14	4.038060e+00	
4.082261e+14	4.038184e+00	
4.086580e+14	4.038350e+00	
4.091672e+14	4.038545e+00	
4.094125e+14	4.038639e+00	
4.101109e+14	4.038908e+00	
4.101662e+14	4.038929e+00	
4.109200e+14	4.039219e+00	
4.110562e+14	4.039271e+00	
4.116747e+14	4.039508e+00	
4.120040e+14	4.039635e+00	
4.124286e+14	4.039798e+00	
4.129536e+14	4.040000e+00	
4.131826e+14	4.040088e+00	
4.139057e+14	4.040366e+00	
4.139366e+14	4.040377e+00	
4.146906e+14	4.040667e+00	
4.148595e+14	4.040732e+00	
4.154438e+14	4.040956e+00	
4.158158e+14	4.041099e+00	
4.161978e+14	4.041246e+00	
4.167748e+14	4.041468e+00	
4.169518e+14	4.041536e+00	
4.177057e+14	4.041825e+00	
4.177354e+14	4.041837e+00	
4.184606e+14	4.042115e+00	
4.186985e+14	4.042207e+00	
4.192144e+14	4.042405e+00	
4.196633e+14	4.042577e+00	
4.199681e+14	4.042695e+00	
4.206307e+14	4.042949e+00	
4.207218e+14	4.042984e+00	
4.214763e+14	4.043274e+00	
4.216007e+14	4.043322e+00	
4.222296e+14	4.043563e+00	
4.225723e+14	4.043695e+00	
4.229838e+14	4.043853e+00	
4.235465e+14	4.044069e+00	
4.235685e+14	4.044078e+00	
4.237379e+14	4.044143e+00	
4.244917e+14	4.044432e+00	
4.245233e+14	4.044445e+00	
4.252464e+14	4.044722e+00	
4.255017e+14	4.044820e+00	
4.259998e+14	4.045012e+00	
4.264827e+14	4.045197e+00	
4.267541e+14	4.045302e+00	
4.274654e+14	4.045575e+00	
4.275080e+14	4.045591e+00	
4.282618e+14	4.045881e+00	
4.284516e+14	4.045954e+00	
4.290162e+14	4.046171e+00	
4.294384e+14	4.046333e+00	
4.297704e+14	4.046460e+00	
4.304289e+14	4.046713e+00	
4.305242e+14	4.046750e+00	
4.312778e+14	4.047039e+00	
4.314209e+14	4.047094e+00	
4.320320e+14	4.047329e+00	
4.324155e+14	4.047476e+00	
4.327859e+14	4.047619e+00	
4.334128e+14	4.047860e+00	
4.335394e+14	4.047908e+00	
4.342935e+14	4.048198e+00	
4.344117e+14	4.048243e+00	
4.350473e+14	4.048488e+00	
4.354131e+14	4.048628e+00	
4.358017e+14	4.048777e+00	
4.364162e+14	4.049013e+00	
4.365556e+14	4.049067e+00	
4.373102e+14	4.049357e+00	
4.374228e+14	4.049400e+00	
4.380633e+14	4.049646e+00	
4.384311e+14	4.049787e+00	
4.388179e+14	4.049936e+00	
4.394420e+14	4.050176e+00	
4.395721e+14	4.050226e+00	
4.403258e+14	4.050515e+00	
4.404544e+14	4.050565e+00	
4.410800e+14	4.050805e+00	
4.414705e+14	4.050955e+00	
4.418338e+14	4.051095e+00	
4.424882e+14	4.051346e+00	
4.425880e+14	4.051384e+00	
4.433416e+14	4.051674e+00	
4.435075e+14	4.051738e+00	
4.440958e+14	4.051964e+00	
4.444506e+14	4.052100e+00	
4.445304e+14	4.052157e+00	
4.448493e+14	4.052386e+00	
4.455549e+14	4.052893e+00	
4.456033e+14	4.052928e+00	
4.463578e+14	4.053470e+00	
4.465820e+14	4.053631e+00	
4.471116e+14	4.054012e+00	
4.476117e+14	4.054371e+00	
4.478659e+14	4.054554e+00	
4.486195e+14	4.055095e+00	
4.486430e+14	4.055112e+00	
4.493735e+14	4.055637e+00	
4.496780e+14	4.055856e+00	
4.501279e+14	4.056179e+00	
4.507145e+14	4.056600e+00	
4.508816e+14	4.056720e+00	
4.516357e+14	4.057262e+00	
4.517536e+14	4.057347e+00	
4.523890e+14	4.057804e+00	
4.527943e+14	4.058095e+00	
4.531437e+14	4.058346e+00	
4.538387e+14	4.058845e+00	
4.538977e+14	4.058888e+00	
4.546510e+14	4.059429e+00	
4.548847e+14	4.059597e+00	
4.554056e+14	4.059971e+00	
4.559332e+14	4.060350e+00	
4.561594e+14	4.060512e+00	
4.569135e+14	4.061054e+00	
4.569844e+14	4.061105e+00	
4.576668e+14	4.061595e+00	
4.580382e+14	4.061862e+00	
4.584214e+14	4.062138e+00	
4.590936e+14	4.062621e+00	
4.591752e+14	4.062679e+00	
4.599292e+14	4.063221e+00	
4.601515e+14	4.063381e+00	
4.606835e+14	4.063763e+00	
4.612121e+14	4.064143e+00	
4.614368e+14	4.064304e+00	
4.621915e+14	4.064846e+00	
4.622754e+14	4.064907e+00	
4.629452e+14	4.065388e+00	
4.633412e+14	4.065672e+00	
4.636991e+14	4.065930e+00	
4.644098e+14	4.066440e+00	
4.644532e+14	4.066471e+00	
4.652075e+14	4.067013e+00	
4.654797e+14	4.067209e+00	
4.659607e+14	4.067554e+00	
4.665535e+14	4.067980e+00	
4.667153e+14	4.068097e+00	
4.674688e+14	4.068638e+00	
4.676288e+14	4.068753e+00	
4.682235e+14	4.069180e+00	
4.687067e+14	4.069527e+00	
4.689773e+14	4.069722e+00	
4.697311e+14	4.070263e+00	
4.697873e+14	4.070304e+00	
4.704849e+14	4.070805e+00	
4.708704e+14	4.071082e+00	
4.712389e+14	4.071347e+00	
4.719563e+14	4.071862e+00	
4.719929e+14	4.071888e+00	
4.727470e+14	4.072430e+00	
4.730436e+14	4.072643e+00	
4.735010e+14	4.072972e+00	
4.741347e+14	4.073427e+00	
4.742552e+14	4.073514e+00	
4.750093e+14	4.074056e+00	
4.752272e+14	4.074212e+00	
4.757622e+14	4.074597e+00	
4.763224e+14	4.074999e+00	
4.765163e+14	4.075138e+00	
4.772704e+14	4.075680e+00	
4.774203e+14	4.075788e+00	
4.780245e+14	4.076222e+00	
4.785208e+14	4.076578e+00	
4.787785e+14	4.076764e+00	
4.795324e+14	4.077305e+00	
4.796239e+14	4.077371e+00	
4.802863e+14	4.077847e+00	
4.807073e+14	4.078149e+00	
4.807297e+14	4.078166e+00	
4.810401e+14	4.078389e+00	
4.817950e+14	4.078931e+00	
4.818381e+14	4.078962e+00	
4.825486e+14	4.079472e+00	
4.829492e+14	4.079760e+00	
4.833021e+14	4.080014e+00	
4.840567e+14	4.080556e+00	
4.840617e+14	4.080559e+00	
4.848112e+14	4.081098e+00	
4.851781e+14	4.081362e+00	
4.855643e+14	4.081639e+00	
4.862971e+14	4.082166e+00	
4.863184e+14	4.082181e+00	
4.870724e+14	4.082723e+00	
4.874175e+14	4.082971e+00	
4.878262e+14	4.083264e+00	
4.885418e+14	4.083778e+00	
4.885811e+14	4.083807e+00	
4.893345e+14	4.084348e+00	
4.896675e+14	4.084587e+00	
4.900889e+14	4.084890e+00	
4.907959e+14	4.085398e+00	
4.908419e+14	4.085431e+00	
4.915959e+14	4.085973e+00	
4.919282e+14	4.086211e+00	
4.923509e+14	4.086515e+00	
4.930618e+14	4.087026e+00	
4.931044e+14	4.087056e+00	
4.938589e+14	4.087598e+00	
4.941981e+14	4.087842e+00	
4.946118e+14	4.088139e+00	
4.953370e+14	4.088661e+00	
4.953657e+14	4.088681e+00	
4.961206e+14	4.089223e+00	
4.964799e+14	4.089482e+00	
4.968739e+14	4.089765e+00	
4.976242e+14	4.090304e+00	
4.976281e+14	4.090307e+00	
4.983820e+14	4.090848e+00	
4.987711e+14	4.091128e+00	
4.991356e+14	4.091390e+00	
4.998901e+14	4.091932e+00	
4.999206e+14	4.091954e+00	
5.006442e+14	4.092474e+00	
5.010728e+14	4.092781e+00	
5.013980e+14	4.093015e+00	
5.021527e+14	4.093557e+00	
5.022289e+14	4.093612e+00	
5.029056e+14	4.094098e+00	
5.033864e+14	4.094444e+00	
5.036608e+14	4.094641e+00	
5.044142e+14	4.095182e+00	
5.045465e+14	4.095277e+00	
5.051685e+14	4.095724e+00	
5.057093e+14	4.096113e+00	
5.059224e+14	4.096266e+00	
5.066758e+14	4.096807e+00	
5.068761e+14	4.096951e+00	
5.074301e+14	4.097349e+00	
5.080442e+14	4.097790e+00	
5.081839e+14	4.097891e+00	
5.089385e+14	4.098433e+00	
5.092149e+14	4.098631e+00	
5.096927e+14	4.098975e+00	
5.103896e+14	4.099475e+00	
5.104463e+14	4.099516e+00	
5.111994e+14	4.100057e+00	
5.115656e+14	4.100320e+00	
5.119533e+14	4.100599e+00	
5.127080e+14	4.101141e+00	
5.127443e+14	4.101167e+00	
5.134622e+14	4.101683e+00	
5.139270e+14	4.102017e+00	
5.142158e+14	4.102224e+00	
5.149702e+14	4.102766e+00	
5.151109e+14	4.102867e+00	
5.157240e+14	4.103308e+00	
5.162989e+14	4.103721e+00	
5.164771e+14	4.103849e+00	
5.172325e+14	4.104392e+00	
5.174895e+14	4.104576e+00	
5.179858e+14	4.104933e+00	
5.186814e+14	4.105433e+00	
5.187399e+14	4.105475e+00	
5.194933e+14	4.106016e+00	
5.198773e+14	4.106292e+00	
5.202475e+14	4.106558e+00	
5.210010e+14	4.107099e+00	
5.210759e+14	4.107153e+00	
5.217552e+14	4.107641e+00	
5.222771e+14	4.108016e+00	
5.225102e+14	4.108184e+00	
5.232630e+14	4.108725e+00	
5.234810e+14	4.108881e+00	
5.240180e+14	4.109267e+00	
5.246875e+14	4.109748e+00	
5.247722e+14	4.109809e+00	
5.255257e+14	4.110350e+00	
5.258981e+14	4.110618e+00	
5.262799e+14	4.110892e+00	
5.270333e+14	4.111433e+00	
5.271099e+14	4.111488e+00	
5.277874e+14	4.111975e+00	
5.283258e+14	4.112362e+00	
5.285421e+14	4.112517e+00	
5.292961e+14	4.113059e+00	
5.295429e+14	4.113236e+00	
5.300492e+14	4.113600e+00	
5.307641e+14	4.114114e+00	
5.308030e+14	4.114142e+00	
5.315574e+14	4.114684e+00	
5.319879e+14	4.114993e+00	
5.323109e+14	4.115225e+00	
5.330651e+14	4.115767e+00	
5.332129e+14	4.115873e+00	
5.338199e+14	4.116309e+00	
5.344435e+14	4.116757e+00	
5.345739e+14	4.116851e+00	
5.353269e+14	4.117392e+00	
5.356753e+14	4.117642e+00	
5.360820e+14	4.117935e+00	
5.368347e+14	4.118475e+00	
5.369097e+14	4.118529e+00	
5.375895e+14	4.119018e+00	
5.381467e+14	4.119418e+00	
5.383434e+14	4.119559e+00	
5.390978e+14	4.120101e+00	
5.393879e+14	4.120310e+00	
5.398513e+14	4.120643e+00	
5.406053e+14	4.121185e+00	
5.406317e+14	4.121203e+00	
5.413599e+14	4.121727e+00	
5.418781e+14	4.122099e+00	
5.421135e+14	4.122268e+00	
5.428676e+14	4.122810e+00	
5.431272e+14	4.122996e+00	
5.436206e+14	4.123351e+00	
5.443758e+14	4.123894e+00	
5.443789e+14	4.123896e+00	
5.451299e+14	4.124435e+00	
5.456333e+14	4.124797e+00	
5.458829e+14	4.124976e+00	
5.466365e+14	4.125518e+00	
5.468918e+14	4.125701e+00	
5.473905e+14	4.126060e+00	
5.481450e+14	4.126602e+00	
5.481530e+14	4.126607e+00	
5.488984e+14	4.127143e+00	
5.494152e+14	4.127514e+00	
5.496523e+14	4.127685e+00	
5.504066e+14	4.128227e+00	
5.506832e+14	4.128425e+00	
5.511614e+14	4.128769e+00	
5.512048e+14	4.128800e+00	
5.519151e+14		
5.519523e+14		
5.526692e+14		
5.532239e+14		
5.534237e+14		
5.541770e+14		
5.544998e+14		
5.549308e+14		
5.556850e+14		
5.557783e+14		
5.564395e+14		
5.570595e+14		
5.571929e+14		
5.579466e+14		
5.583432e+14		
5.587007e+14		
5.594552e+14		
5.596296e+14		
5.602084e+14		
5.609202e+14		
5.609620e+14		
5.617176e+14		
5.622135e+14		
5.624702e+14		
5.632248e+14		
5.635093e+14		
5.639780e+14		
5.647333e+14		
5.648078e+14		
5.654872e+14		
5.661105e+14		
5.662415e+14		
5.669943e+14		
5.674159e+14		
5.677492e+14		
5.685026e+14		
5.687239e+14		
5.692563e+14		
5.700103e+14		
5.700344e+14		
5.707645e+14		
5.713493e+14		
5.715191e+14		
5.722721e+14		
5.726650e+14		
5.730271e+14		
5.737807e+14		
5.739851e+14		
5.745344e+14		
5.752884e+14		
5.753095e+14		
5.760427e+14		
5.766348e+14		
5.767971e+14		
5.775500e+14		
5.779643e+14		
5.783048e+14		
5.790581e+14		
5.792965e+14		
5.798115e+14		
5.805669e+14		
5.806331e+14		
5.813207e+14		
5.819704e+14		
5.820746e+14		
5.828287e+14		
5.833121e+14		
5.835830e+14		
5.843356e+14		
5.846564e+14		
5.850901e+14		
5.858448e+14		
5.860051e+14		
5.865977e+14		
5.873526e+14		
5.873563e+14		
5.881058e+14		
5.887101e+14		
5.888609e+14		
5.896143e+14		
5.900665e+14		
5.903677e+14		
5.911212e+14		
5.914273e+14		
5.918767e+14		
5.926303e+14		
5.927906e+14		
5.933840e+14		
5.941378e+14		
5.941565e+14		
5.948916e+14		
5.955268e+14		
5.956454e+14		
5.963992e+14		
5.968997e+14		
5.971531e+14		
5.979070e+14		
5.982751e+14		
5.986628e+14		
5.994167e+14		
5.996550e+14		
6.001705e+14		
6.009244e+14		
6.010374e+14		
6.016782e+14		
6.024224e+14		
6.024320e+14		
6.031858e+14		
6.038118e+14		
6.039395e+14		
6.046932e+14		
6.052038e+14		
6.054468e+14		
6.062023e+14		
6.065983e+14		
6.069557e+14		
6.077091e+14		
6.079972e+14		
6.084643e+14		
6.092175e+14		
6.093987e+14		
6.099726e+14		
6.107256e+14		
6.108027e+14		
6.114804e+14		
6.122113e+14		
6.122331e+14		
6.129877e+14		
6.136223e+14		
6.137422e+14		
6.144965e+14		
6.150378e+14		
6.152486e+14		
6.160026e+14		
6.164538e+14		
6.167584e+14		
6.175121e+14		
6.178764e+14		
6.182655e+14		
6.190188e+14		
6.192995e+14		
6.197739e+14		
6.205268e+14		
6.207270e+14		
6.212815e+14		
6.220360e+14		
6.221592e+14		
6.227902e+14		
6.230675e+14		-3.000000e-03
6.235443e+14		
6.235938e+14		
6.242981e+14		
6.250309e+14		
6.250516e+14		
6.258049e+14		
6.264704e+14		
6.265600e+14		
6.273127e+14		
6.279146e+14		
6.280673e+14		
6.288216e+14		
6.293633e+14		
6.295756e+14		
6.303293e+14		
6.308145e+14		
6.310827e+14		
6.318379e+14		
6.322681e+14		
6.325906e+14		
6.333452e+14		
6.337263e+14		
6.340126e+14		
6.340994e+14		
6.348533e+14		
6.351870e+14		
6.356068e+14		
6.363600e+14		
6.366502e+14		
6.371150e+14		
6.378696e+14		
6.381179e+14		
6.386238e+14		
6.393776e+14		
6.395902e+14		
6.401311e+14		
6.408841e+14		
6.410629e+14		
6.416390e+14		
6.423934e+14		
6.425423e+14		
6.431474e+14		
6.439009e+14		
6.440219e+14		
6.446541e+14		
6.454090e+14		
6.455084e+14		
6.461634e+14		
6.469174e+14		
6.469951e+14		
6.476709e+14		
6.484240e+14		
6.484865e+14		
6.491788e+14		
6.499331e+14		
6.499824e+14		
6.506870e+14		
6.514403e+14		
6.514808e+14		
6.521954e+14		
6.529477e+14		
6.529816e+14		
6.537018e+14		
6.544576e+14		
6.544871e+14		
6.552106e+14		
6.559653e+14		
6.559972e+14		
6.567195e+14		
6.574731e+14		
6.575075e+14		
6.582261e+14		
6.589809e+14		
6.590247e+14		
6.597351e+14		
6.604887e+14		
6.605443e+14		
6.612418e+14		
6.619965e+14		
6.620663e+14		
6.627506e+14		
6.635042e+14		
6.635929e+14		
6.642594e+14		
6.650117e+14		
6.651219e+14		
6.657656e+14		
6.665213e+14		
6.666557e+14		
6.672740e+14		
6.680284e+14		
6.681918e+14		
6.687821e+14		
6.695351e+14		
6.697326e+14		
6.702898e+14		
6.710439e+14		
6.712757e+14		
6.717972e+14		
6.725523e+14		
6.728236e+14		
6.733066e+14		
6.740603e+14		
6.743738e+14		
6.748132e+14		
6.755677e+14		
6.759287e+14		
6.763216e+14		
6.770771e+14		
6.774884e+14		
6.778295e+14		
6.785835e+14		
6.790504e+14		
6.793392e+14		
6.800916e+14		
6.806147e+14		
6.808458e+14		
6.815991e+14		
6.821838e+14		
6.823542e+14		
6.830820e+14	4.247000e+00	
6.831084e+14	4.247028e+00	
6.837551e+14	4.247704e+00	
6.838618e+14	4.247816e+00	
6.846169e+14	4.248606e+00	
6.853312e+14	4.249353e+00	
6.853686e+14	4.249392e+00	
6.861245e+14	4.250183e+00	
6.868771e+14	4.250970e+00	
6.869121e+14	4.251007e+00	
6.876313e+14	4.251760e+00	
6.883847e+14	4.252548e+00	
6.884953e+14	4.252663e+00	
6.891397e+14	4.253338e+00	
6.898939e+14	4.254127e+00	
6.900833e+14	4.254325e+00	
6.906471e+14	4.254915e+00	
6.914021e+14	4.255704e+00	
6.916735e+14	4.255988e+00	
6.921561e+14	4.256493e+00	
6.929092e+14	4.257281e+00	
6.932686e+14	4.257657e+00	
6.936640e+14	4.258071e+00	
6.944179e+14	4.258860e+00	
6.948658e+14	4.259328e+00	
6.951708e+14	4.259647e+00	
6.959254e+14	4.260437e+00	
6.964679e+14	4.261004e+00	
6.966790e+14	4.261225e+00	
6.974343e+14	4.262015e+00	
6.980748e+14	4.262686e+00	
6.981886e+14	4.262805e+00	
6.989420e+14	4.263593e+00	
6.996840e+14	4.264369e+00	
6.996944e+14	4.264380e+00	
7.004484e+14	4.265169e+00	
7.012040e+14	4.265959e+00	
7.012953e+14	4.266055e+00	
7.019587e+14	4.266749e+00	
7.027123e+14	4.267537e+00	
7.029115e+14	4.267746e+00	
7.034650e+14	4.268325e+00	
7.042193e+14	4.269114e+00	
7.045325e+14	4.269442e+00	
7.049725e+14	4.269902e+00	
7.057274e+14	4.270692e+00	
7.061557e+14	4.271140e+00	
7.064813e+14	4.271480e+00	
7.072341e+14	4.272268e+00	
7.077838e+14	4.272843e+00	
7.079885e+14	4.273057e+00	
7.087445e+14	4.273848e+00	
7.094167e+14	4.274551e+00	
7.094968e+14	4.274635e+00	
7.102507e+14	4.275424e+00	
7.110062e+14	4.276214e+00	
7.110518e+14	4.276262e+00	
7.117579e+14	4.277001e+00	
7.125139e+14	4.277792e+00	
7.126917e+14	4.277978e+00	
7.132662e+14	4.278579e+00	
7.140200e+14	4.279367e+00	
7.143339e+14	4.279696e+00	
7.147754e+14	4.280158e+00	
7.155297e+14	4.280947e+00	
7.159808e+14	4.281419e+00	
7.162828e+14	4.281735e+00	
7.170376e+14	4.282524e+00	
7.176300e+14	4.283144e+00	
7.177912e+14	4.283313e+00	
7.185464e+14	4.284103e+00	
7.192867e+14	4.284877e+00	
7.192977e+14	4.284889e+00	
7.200533e+14	4.285679e+00	
7.208078e+14	4.286469e+00	
7.209429e+14	4.286610e+00	
7.215611e+14	4.287257e+00	
7.223159e+14	4.288046e+00	
7.226067e+14	4.288351e+00	
7.230696e+14	4.288835e+00	
7.238220e+14	4.289622e+00	
7.242726e+14	4.290094e+00	
7.245760e+14	4.290411e+00	
7.253316e+14	4.291202e+00	
7.259406e+14	4.291839e+00	
7.260860e+14	4.291991e+00	
7.268392e+14	4.292779e+00	
7.275939e+14	4.293568e+00	
7.276135e+14	4.293589e+00	
7.283473e+14	4.294357e+00	
7.290995e+14	4.295144e+00	
7.292913e+14	4.295344e+00	
7.298561e+14	4.295935e+00	
7.306086e+14	4.296722e+00	
7.309741e+14	4.297105e+00	
7.313627e+14	4.297511e+00	
7.321154e+14	4.298299e+00	
7.326589e+14	4.298867e+00	
7.328697e+14	4.299088e+00	
7.336256e+14	4.299879e+00	
7.343458e+14	4.300632e+00	
7.343773e+14	4.300665e+00	
7.351334e+14	4.301456e+00	
7.358853e+14	4.302243e+00	
7.360405e+14	4.302405e+00	
7.366417e+14	4.303034e+00	
7.373938e+14	4.303821e+00	
7.377373e+14	4.304180e+00	
7.381475e+14	4.304609e+00	
7.389027e+14	4.305400e+00	
7.394361e+14	4.305958e+00	
7.396566e+14	4.306188e+00	
7.404120e+14	4.306979e+00	
7.411427e+14	4.307743e+00	
7.411660e+14	4.307767e+00	
7.419186e+14	4.308555e+00	
7.426728e+14	4.309344e+00	
7.428514e+14	4.309531e+00	
7.434256e+14	4.310131e+00	
7.441799e+14	4.310921e+00	
7.445620e+14	4.311320e+00	
7.449357e+14	4.311711e+00	
7.456872e+14	4.312498e+00	
7.462777e+14	4.313115e+00	
7.464432e+14	4.313288e+00	
7.471977e+14	4.314078e+00	
7.479508e+14	4.314866e+00	
7.479983e+14	4.314915e+00	
7.487054e+14	4.315655e+00	
7.494585e+14	4.316443e+00	
7.497238e+14	4.316721e+00	
7.502132e+14	4.317233e+00	
7.509664e+14	4.318021e+00	
7.514513e+14	4.318528e+00	
7.517211e+14	4.318810e+00	
7.524743e+14	4.319598e+00	
7.531839e+14	4.320340e+00	
7.532290e+14	4.320388e+00	
7.539822e+14	4.321176e+00	
7.547370e+14	4.321965e+00	
7.549214e+14	4.322158e+00	
7.554902e+14	4.322753e+00	
7.562449e+14	4.323543e+00	
7.566608e+14	4.323978e+00	
7.569981e+14	4.324331e+00	
7.577528e+14	4.325121e+00	
7.584053e+14	4.325803e+00	
7.585060e+14	4.325908e+00	
7.592606e+14	4.326698e+00	
7.600137e+14	4.327486e+00	
7.601547e+14	4.327633e+00	
7.607683e+14	4.328275e+00	
7.615213e+14	4.329063e+00	
7.619061e+14	4.329466e+00	
7.622758e+14	4.329852e+00	
7.630287e+14	4.330640e+00	
7.636624e+14	4.331303e+00	
7.637831e+14	4.331429e+00	
7.645390e+14	4.332220e+00	
7.652933e+14	4.333009e+00	
7.654238e+14	4.333146e+00	
7.660459e+14	4.333797e+00	
7.668001e+14	4.334586e+00	
7.671871e+14	4.334991e+00	
7.675526e+14	4.335373e+00	
7.683065e+14	4.336162e+00	
7.689553e+14	4.336841e+00	
7.690620e+14	4.336952e+00	
7.698158e+14	4.337741e+00	
7.705711e+14	4.338531e+00	
7.707286e+14	4.338696e+00	
7.713247e+14	4.339319e+00	
7.720766e+14	4.340106e+00	
7.725038e+14	4.340553e+00	
7.728332e+14	4.340898e+00	
7.735849e+14	4.341684e+00	
7.742871e+14	4.342419e+00	
7.743412e+14	4.342475e+00	
7.750927e+14	4.343261e+00	
7.758488e+14	4.344052e+00	
7.760692e+14	4.344283e+00	
7.766031e+14	4.344842e+00	
7.773558e+14	4.345629e+00	
7.778594e+14	4.346156e+00	
7.781099e+14	4.346418e+00	
7.788622e+14	4.347205e+00	
7.796192e+14	4.347997e+00	
7.796515e+14	4.348031e+00	
7.803713e+14	4.348784e+00	
7.811248e+14	4.349572e+00	
7.814486e+14	4.349911e+00	
7.818797e+14	4.350362e+00	
7.826329e+14	4.351150e+00	
7.832508e+14	4.351796e+00	
7.833875e+14	4.351939e+00	
7.841403e+14	4.352727e+00	
7.848945e+14	4.353516e+00	
7.850580e+14	4.353687e+00	
7.856502e+14	4.354307e+00	
7.864041e+14	4.355095e+00	
7.868670e+14	4.355580e+00	
7.871561e+14	4.355882e+00	
7.879129e+14	4.356674e+00	
7.886645e+14	4.357460e+00	
7.886810e+14	4.357478e+00	
7.894209e+14	4.358252e+00	
7.901721e+14	4.359038e+00	
7.905002e+14	4.359381e+00	
7.909281e+14	4.359828e+00	
7.916821e+14	4.360617e+00	
7.923211e+14	4.361286e+00	
7.924343e+14	4.361404e+00	
7.930038e+14	4.362000e+00	
7.931879e+14	4.362244e+00	
7.939430e+14	4.363245e+00	
7.941470e+14	4.363515e+00	
7.946961e+14	4.364243e+00	
7.954507e+14	4.365243e+00	
7.959780e+14	4.365942e+00	
7.962067e+14	4.366245e+00	
7.969607e+14	4.367245e+00	
7.977129e+14	4.368242e+00	
7.978141e+14	4.368376e+00	
7.984664e+14	4.369241e+00	
7.992214e+14	4.370241e+00	
7.996520e+14	4.370812e+00	
7.999744e+14	4.371240e+00	
8.007288e+14	4.372240e+00	
8.014846e+14	4.373241e+00	
8.014949e+14	4.373255e+00	
8.022385e+14	4.374241e+00	
8.029903e+14	4.375237e+00	
8.033428e+14	4.375704e+00	
8.037436e+14	4.376236e+00	
8.044983e+14	4.377236e+00	
8.051959e+14	4.378161e+00	
8.052544e+14	4.378238e+00	
8.060085e+14	4.379238e+00	
8.067605e+14	4.380235e+00	
8.070507e+14	4.380619e+00	
8.075140e+14	4.381233e+00	
8.082688e+14	4.382234e+00	
8.089105e+14	4.383084e+00	
8.090216e+14	4.383232e+00	
8.097758e+14	4.384231e+00	
8.105314e+14	4.385233e+00	
8.107754e+14	4.385556e+00	
8.112849e+14	4.386232e+00	
8.120398e+14	4.387232e+00	
8.126455e+14	4.388035e+00	
8.127927e+14	4.388230e+00	
8.135469e+14	4.389230e+00	
8.143025e+14	4.390232e+00	
8.145207e+14	4.390521e+00	
8.150560e+14	4.391230e+00	
8.158074e+14	4.392226e+00	
8.163975e+14	4.393008e+00	
8.165637e+14	4.393229e+00	
8.173178e+14	4.394228e+00	
8.180698e+14	4.395225e+00	
8.182794e+14	4.395503e+00	
8.188232e+14	4.396224e+00	
8.195780e+14	4.397224e+00	
8.201664e+14	4.398004e+00	
8.203341e+14	4.398226e+00	
8.210881e+14	4.399226e+00	
8.218399e+14	4.400222e+00	
8.220550e+14	4.400507e+00	
8.225931e+14	4.401221e+00	
8.233476e+14	4.402221e+00	
8.239523e+14	4.403022e+00	
8.241036e+14	4.403223e+00	
8.248573e+14	4.404222e+00	
8.256087e+14	4.405218e+00	
8.258511e+14	4.405539e+00	
8.263652e+14	4.406221e+00	
8.271194e+14	4.407220e+00	
8.277551e+14	4.408063e+00	
8.278714e+14	4.408217e+00	
8.286248e+14	4.409216e+00	
8.293795e+14	4.410216e+00	
8.296606e+14	4.410589e+00	
8.301356e+14	4.411218e+00	
8.308894e+14	4.412217e+00	
8.315748e+14	4.413126e+00	
8.316409e+14	4.413214e+00	
8.323974e+14	4.414216e+00	
8.331516e+14	4.415216e+00	
8.334906e+14	4.415665e+00	
8.339036e+14	4.416213e+00	
8.346568e+14	4.417211e+00	
8.354115e+14	4.418211e+00	
8.361675e+14	4.419214e+00	
8.369211e+14	4.420212e+00	
8.373375e+14	4.420764e+00	
8.376724e+14	4.421208e+00	
8.384288e+14	4.422211e+00	
8.391828e+14	4.423210e+00	
8.392687e+14	4.423324e+00	
8.399344e+14	4.424207e+00	
8.406911e+14	4.425210e+00	
8.412051e+14	4.425891e+00	
8.414454e+14	4.426209e+00	
8.421974e+14	4.427206e+00	
8.429506e+14	4.428205e+00	
8.431429e+14	4.428459e+00	
8.437052e+14	4.429205e+00	
8.444612e+14	4.430207e+00	
8.450859e+14	4.431035e+00	
8.452147e+14	4.431206e+00	
8.459696e+14	4.432206e+00	
8.467220e+14	4.433204e+00	
8.470340e+14	4.433617e+00	
8.474758e+14	4.434203e+00	
8.482309e+14	4.435204e+00	
8.489835e+14	4.436201e+00	
8.489873e+14	4.436206e+00	
8.497375e+14	4.437201e+00	
8.504928e+14	4.438202e+00	
8.509458e+14	4.438802e+00	
8.512456e+14	4.439200e+00	
8.519997e+14	4.440199e+00	
8.527552e+14	4.441201e+00	
8.529056e+14	4.441400e+00	
8.535081e+14	4.442199e+00	
8.542624e+14	4.443198e+00	
8.548707e+14	4.444005e+00	
8.550141e+14	4.444195e+00	
8.557711e+14	4.445198e+00	
8.565255e+14	4.446198e+00	
8.568447e+14	4.446621e+00	
8.572773e+14	4.447195e+00	
8.580304e+14	4.448193e+00	
8.587849e+14	4.449193e+00	
8.588201e+14	4.449240e+00	
8.595407e+14	4.450195e+00	
8.602939e+14	4.451193e+00	
8.607968e+14	4.451860e+00	
8.610484e+14	4.452193e+00	
8.618004e+14	4.453190e+00	
8.625575e+14	4.454194e+00	
8.627826e+14	4.454492e+00	
8.633081e+14	4.455188e+00	
8.640640e+14	4.456190e+00	
8.647696e+14	4.457126e+00	
8.648172e+14	4.457189e+00	
8.655717e+14	4.458189e+00	
8.663236e+14	4.459186e+00	
8.667658e+14	4.459772e+00	
8.670808e+14	4.460189e+00	
8.678353e+14	4.461189e+00	
8.685871e+14	4.462186e+00	
8.687632e+14	4.462419e+00	
8.693402e+14	4.463184e+00	
8.700946e+14	4.464184e+00	
8.707659e+14	4.465074e+00	
8.708504e+14	4.465186e+00	
8.716034e+14	4.466184e+00	
8.723577e+14	4.467184e+00	
8.727737e+14	4.467735e+00	
8.731133e+14	4.468185e+00	
8.738662e+14	4.469183e+00	
8.746204e+14	4.470183e+00	
8.747868e+14	4.470403e+00	
8.753718e+14	4.471179e+00	
8.761286e+14	4.472182e+00	
8.768010e+14	4.473073e+00	
8.768826e+14	4.473181e+00	
8.776338e+14	4.474177e+00	
8.783904e+14	4.475180e+00	
8.788245e+14	4.475755e+00	
8.791442e+14	4.476179e+00	
8.798952e+14	4.477175e+00	
8.806516e+14	4.478177e+00	
8.808492e+14	4.478439e+00	
8.814052e+14	4.479176e+00	
8.821601e+14	4.480177e+00	
8.828790e+14	4.481130e+00	
8.829121e+14	4.481174e+00	
8.836654e+14	4.482172e+00	
8.844200e+14	4.483172e+00	
8.849141e+14	4.483827e+00	
8.851759e+14	4.484174e+00	
8.859290e+14	4.485172e+00	
8.866833e+14	4.486172e+00	
8.869544e+14	4.486532e+00	
8.874388e+14	4.487174e+00	
8.881915e+14	4.488171e+00	
8.889455e+14	4.489171e+00	
8.890000e+14	4.489243e+00	
8.897007e+14	4.490172e+00	
8.904531e+14	4.491169e+00	
8.910466e+14	4.491956e+00	
8.912067e+14	4.492168e+00	
8.919616e+14	4.493169e+00	
8.927135e+14	4.494165e+00	
8.931026e+14	4.494681e+00	
8.934709e+14	4.495169e+00	
8.942212e+14	4.496164e+00	
8.949769e+14	4.497165e+00	
8.951597e+14	4.497408e+00	
8.957297e+14	4.498163e+00	
8.964837e+14	4.499163e+00	
8.972262e+14	4.500147e+00	
8.972390e+14	4.500164e+00	
8.979913e+14	4.501161e+00	
8.987449e+14	4.502160e+00	
8.992937e+14	4.502887e+00	
8.994997e+14	4.503160e+00	
9.002558e+14	4.504163e+00	
9.010089e+14	4.505161e+00	
9.013665e+14	4.505635e+00	
9.017632e+14	4.506161e+00	
9.025188e+14	4.507162e+00	
9.032713e+14	4.508160e+00	
9.034445e+14	4.508389e+00	
9.040251e+14	4.509159e+00	
9.047801e+14	4.510160e+00	
9.055277e+14	4.511151e+00	
9.055321e+14	4.511156e+00	
9.060931e+14	4.511900e+00	
9.062853e+14	4.512211e+00	
9.070398e+14	4.513433e+00	
9.076163e+14	4.514367e+00	
9.077955e+14	4.514657e+00	
9.085481e+14	4.515876e+00	
9.093019e+14	4.517098e+00	
9.097057e+14	4.517752e+00	
9.100570e+14	4.518321e+00	
9.108090e+14	4.519539e+00	
9.110769e+14	4.519973e+00	
9.115666e+14	4.520766e+00	
9.118047e+14	4.521151e+00	
9.123166e+14	4.521981e+00	
9.130723e+14	4.523205e+00	
9.138248e+14	4.524424e+00	
9.139046e+14	4.524553e+00	
9.145786e+14	4.525645e+00	
9.153336e+14	4.526867e+00	
9.160141e+14	4.527970e+00	
9.160898e+14	4.528092e+00	
9.168429e+14	4.529312e+00	
9.175971e+14	4.530534e+00	
9.181245e+14	4.531388e+00	
9.183482e+14	4.531751e+00	
9.191050e+14	4.532976e+00	
9.198585e+14	4.534197e+00	
9.202402e+14	4.534815e+00	
9.206132e+14	4.535419e+00	
9.213647e+14	4.536637e+00	
9.221220e+14	4.537863e+00	
9.223611e+14	4.538251e+00	
9.228759e+14	4.539084e+00	
9.236266e+14	4.540300e+00	
9.243830e+14	4.541526e+00	
9.244873e+14	4.541694e+00	
9.251361e+14	4.542745e+00	
9.258905e+14	4.543967e+00	
9.266187e+14	4.545147e+00	
9.266460e+14	4.545191e+00	
9.273983e+14	4.546410e+00	
9.281518e+14	4.547630e+00	
9.287554e+14	4.548608e+00	
9.289065e+14	4.548853e+00	
9.296578e+14	4.550070e+00	
9.304150e+14	4.551296e+00	
9.308974e+14	4.552077e+00	
9.311688e+14	4.552517e+00	
9.319238e+14	4.553740e+00	
9.326754e+14	4.554957e+00	
9.330401e+14	4.555548e+00	
9.334282e+14	4.556177e+00	
9.341823e+14	4.557398e+00	
9.349375e+14	4.558622e+00	
9.351926e+14	4.559035e+00	
9.356940e+14	4.559847e+00	
9.364471e+14	4.561067e+00	
9.372014e+14	4.562288e+00	
9.373505e+14	4.562530e+00	
9.379522e+14	4.563505e+00	
9.387089e+14	4.564730e+00	
9.394621e+14	4.565950e+00	
9.395089e+14	4.566026e+00	
9.402166e+14	4.567172e+00	
9.409675e+14	4.568389e+00	
9.416774e+14	4.569539e+00	
9.417244e+14	4.569615e+00	
9.424778e+14	4.570835e+00	
9.432324e+14	4.572057e+00	
9.438464e+14	4.573052e+00	
9.439834e+14	4.573274e+00	
9.447404e+14	4.574500e+00	
9.454939e+14	4.575721e+00	
9.460206e+14	4.576574e+00	
9.462486e+14	4.576943e+00	
9.469997e+14	4.578160e+00	
9.477568e+14	4.579386e+00	
9.482050e+14	4.580112e+00	
9.485103e+14	4.580606e+00	
9.492650e+14	4.581829e+00	
9.500162e+14	4.583046e+00	
9.503898e+14	4.583651e+00	
9.507733e+14	4.584272e+00	
9.515268e+14	4.585492e+00	
9.522815e+14	4.586715e+00	
9.525799e+14	4.587198e+00	
9.530326e+14	4.587932e+00	
9.537897e+14	4.589158e+00	
9.545432e+14	4.590378e+00	
9.547753e+14	4.590754e+00	
9.552979e+14	4.591601e+00	
9.560489e+14	4.592817e+00	
9.568011e+14	4.594036e+00	
9.569760e+14	4.594319e+00	
9.575594e+14	4.595264e+00	
9.583091e+14	4.596478e+00	
9.590648e+14	4.597702e+00	
9.591819e+14	4.597892e+00	
9.598218e+14	4.598928e+00	
9.605750e+14	4.600149e+00	
9.613295e+14	4.601371e+00	
9.613932e+14	4.601474e+00	
9.620802e+14	4.602587e+00	
9.628370e+14	4.603812e+00	
9.635901e+14	4.605032e+00	
9.636098e+14	4.605064e+00	
9.643443e+14	4.606254e+00	
9.650948e+14	4.607470e+00	
9.658316e+14	4.608663e+00	
9.658514e+14	4.608695e+00	
9.666042e+14	4.609914e+00	
9.673583e+14	4.611136e+00	
9.680587e+14	4.612270e+00	
9.681134e+14	4.612359e+00	
9.688648e+14	4.613576e+00	
9.696224e+14	4.614803e+00	
9.702912e+14	4.615887e+00	
9.703761e+14	4.616024e+00	
9.711310e+14	4.617247e+00	
9.718821e+14	4.618463e+00	
9.725239e+14	4.619503e+00	
9.726393e+14	4.619690e+00	
9.733927e+14	4.620910e+00	
9.741473e+14	4.622133e+00	
9.747670e+14	4.623136e+00	
9.748980e+14	4.623349e+00	
9.756549e+14	4.624575e+00	
9.764080e+14	4.625794e+00	
9.770153e+14	4.626778e+00	
9.771622e+14	4.627016e+00	
9.779125e+14	4.628231e+00	
9.786690e+14	4.629457e+00	
9.792689e+14	4.630428e+00	
9.794216e+14	4.630676e+00	
9.801753e+14	4.631897e+00	
9.809303e+14	4.633119e+00	
9.815228e+14	4.634079e+00	
9.816863e+14	4.634344e+00	
9.824385e+14	4.635562e+00	
9.831918e+14	4.636783e+00	
9.837870e+14	4.637747e+00	
9.839462e+14	4.638005e+00	
9.847018e+14	4.639229e+00	
9.854534e+14	4.640446e+00	
9.860566e+14	4.641423e+00	
9.862113e+14	4.641674e+00	
9.869653e+14	4.642895e+00	
9.877151e+14	4.644109e+00	
9.883263e+14	4.645099e+00	
9.884714e+14	4.645334e+00	
9.892236e+14	4.646553e+00	
9.899769e+14	4.647773e+00	
9.906064e+14	4.648793e+00	
9.907314e+14	4.648995e+00	
9.914870e+14	4.650219e+00	
9.922386e+14	4.651436e+00	
9.928919e+14	4.652495e+00	
9.929965e+14	4.652664e+00	
9.937503e+14	4.653885e+00	
9.945001e+14	4.655100e+00	
9.951774e+14	4.656197e+00	
9.952562e+14	4.656324e+00	
9.960083e+14	4.657542e+00	
9.967667e+14	4.658771e+00	
9.974735e+14	4.659916e+00	
9.975210e+14	4.659993e+00	
9.982712e+14	4.661208e+00	
9.990278e+14	4.662433e+00	
9.997749e+14	4.663644e+00	
9.997802e+14	4.663652e+00	
1.000534e+15	4.664873e+00	
1.001288e+15	4.666095e+00	
1.002044e+15	4.667320e+00	
1.002076e+15	4.667371e+00	
1.002796e+15	4.668537e+00	
1.003549e+15	4.669756e+00	
1.004303e+15	4.670978e+00	
1.004388e+15	4.671116e+00	
1.005058e+15	4.672201e+00	
1.005814e+15	4.673425e+00	
1.006566e+15	4.674643e+00	
1.006700e+15	4.674861e+00	
1.007319e+15	4.675863e+00	
1.008073e+15	4.677085e+00	
1.008828e+15	4.678308e+00	
1.009023e+15	4.678623e+00	
1.009585e+15	4.679534e+00	
1.010337e+15	4.680752e+00	
1.011090e+15	4.681972e+00	
1.011351e+15	4.682394e+00	
1.011845e+15	4.683194e+00	
1.012600e+15	4.684418e+00	
1.013352e+15	4.685635e+00	
1.013679e+15	4.686164e+00	
1.014104e+15	4.686853e+00	
1.014857e+15	4.688074e+00	
1.015612e+15	4.689296e+00	
1.016017e+15	4.689952e+00	
1.016368e+15	4.690520e+00	
1.017125e+15	4.691746e+00	
1.017877e+15	4.692965e+00	
1.018361e+15	4.693749e+00	
1.018631e+15	4.694186e+00	
1.019385e+15	4.695408e+00	
1.020136e+15	4.696623e+00	
1.020710e+15	4.697554e+00	
1.020893e+15	4.697849e+00	
1.021645e+15	4.699068e+00	
1.022399e+15	4.700289e+00	
1.023059e+15	4.701359e+00	
1.023153e+15	4.701512e+00	
1.023909e+15	4.702736e+00	
1.024661e+15	4.703953e+00	
1.025413e+15	4.705172e+00	
1.025419e+15	4.705181e+00	
1.026172e+15	4.706402e+00	
1.026922e+15	4.707615e+00	
1.027677e+15	4.708839e+00	
1.027784e+15	4.709012e+00	
1.028434e+15	4.710065e+00	
1.029187e+15	4.711284e+00	
1.029940e+15	4.712505e+00	
1.030154e+15	4.712851e+00	
1.030184e+15	4.712900e+00	
1.030695e+15		
1.031445e+15		
1.032202e+15		
1.032524e+15		
1.032954e+15		
1.033708e+15		
1.034462e+15		
1.034905e+15		
1.035218e+15		
1.035969e+15		
1.036727e+15		
1.037291e+15		
1.037480e+15		
1.038234e+15		
1.038990e+15		
1.039683e+15		
1.039740e+15		
1.040498e+15		
1.041251e+15		
1.042005e+15		
1.042080e+15		
1.042760e+15		
1.043510e+15		
1.044268e+15		
1.044482e+15		
1.045020e+15		
1.045774e+15		
1.046529e+15		
1.046889e+15		
1.047279e+15		
1.048036e+15		
1.048788e+15		
1.049302e+15		
1.049542e+15		
1.050296e+15		
1.051051e+15		
1.051720e+15		
1.051808e+15		
1.052560e+15		
1.053313e+15		
1.054067e+15		
1.054149e+15		
1.054822e+15		
1.055578e+15		
1.056329e+15		
1.056578e+15		
1.057081e+15		
1.057835e+15		
1.058589e+15		
1.059011e+15		
1.059345e+15		
1.060101e+15		
1.060853e+15		
1.061456e+15		
1.061606e+15		
1.062360e+15		
1.063115e+15		
1.063871e+15		
1.063901e+15		
1.064622e+15		
1.065374e+15		
1.065922e+15		-9.900000e-03
1.066133e+15		
1.066356e+15		
1.066888e+15		
1.067637e+15		
1.068393e+15		
1.068811e+15		
1.069145e+15		
1.069903e+15		
1.070657e+15		
1.071277e+15		
1.071411e+15		
1.072161e+15		
1.072918e+15		
1.073669e+15		
1.073743e+15		
1.074422e+15		
1.075176e+15		
1.075931e+15		
1.076220e+15		
1.076687e+15		
1.077438e+15		
1.078196e+15		
1.078702e+15		
1.078949e+15		
1.079703e+15		
1.080458e+15		
1.081189e+15		
1.081208e+15		
1.081965e+15		
1.082717e+15		
1.083470e+15		
1.083681e+15		
1.084224e+15		
1.084979e+15		
1.085735e+15		
1.086179e+15		
1.086486e+15		
1.087244e+15		
1.087997e+15		
1.088682e+15		
1.088752e+15		
1.089507e+15		
1.090257e+15		
1.091014e+15		
1.091191e+15		
1.091766e+15		
1.092519e+15		
1.093273e+15		
1.093711e+15		
1.094028e+15		
1.094784e+15		
1.095535e+15		
1.096229e+15		
1.096293e+15		
1.097046e+15		
1.097800e+15		
1.098555e+15		
1.098754e+15		
1.099305e+15		
1.100062e+15		
1.100813e+15		
1.101289e+15		
1.101566e+15		
1.102320e+15		
1.103074e+15		
1.103830e+15		
1.104587e+15		
1.105338e+15		
1.106091e+15		
1.106370e+15		
1.106844e+15		
1.107599e+15		
1.108354e+15		
1.108921e+15		
1.109111e+15		
1.109862e+15		
1.110614e+15		
1.111367e+15		
1.111478e+15		
1.112121e+15		
1.112876e+15		
1.113632e+15		
1.114040e+15		
1.114389e+15		
1.115056e+15	4.936100e+00	
1.115141e+15		
1.115893e+15		
1.116607e+15		
1.116647e+15		
1.117401e+15		
1.118157e+15		
1.118907e+15		
1.119186e+15		
1.119665e+15		
1.120417e+15		
1.121170e+15		
1.121764e+15		
1.121924e+15		
1.122679e+15		
1.123435e+15		
1.124186e+15		
1.124346e+15		
1.124944e+15		
1.125696e+15		
1.126450e+15		
1.126941e+15		
1.127204e+15		
1.127959e+15		
1.128709e+15		
1.128862e+15		-2.250000e-02
1.129467e+15		
1.129541e+15		
1.130218e+15		
1.130971e+15		
1.131725e+15		
1.132146e+15		
1.132480e+15		
1.133235e+15		
1.133992e+15		
1.134743e+15		
1.134750e+15		
1.135495e+15		
1.136248e+15		
1.137009e+15		
1.137365e+15		
1.137757e+15		
1.138513e+15		
1.139270e+15		
1.139993e+15		
1.140021e+15		
1.140773e+15		
1.141533e+15		
1.142280e+15		
1.142619e+15		
1.143035e+15		
1.143791e+15		
1.144548e+15		
1.145250e+15		
1.145299e+15		
1.146051e+15		
1.146804e+15		
1.147558e+15		
1.147893e+15		
1.148313e+15		
1.149069e+15		
1.149826e+15		
1.150542e+15		
1.150577e+15		
1.151329e+15		
1.152082e+15		
1.152836e+15		
1.153188e+15		
1.153591e+15		
1.154347e+15		
1.155103e+15		
1.155847e+15		
1.155854e+15		
1.156606e+15		
1.157366e+15		
1.158120e+15		
1.158511e+15		
1.158867e+15		
1.159623e+15		
1.160380e+15		
1.161130e+15		
1.161187e+15		
1.161889e+15		
1.162641e+15		
1.163395e+15		
1.163862e+15		
1.164149e+15		
1.164905e+15		
1.165654e+15		
1.166411e+15		
1.166541e+15		
1.167162e+15		
1.167922e+15		
1.168675e+15		
1.169233e+15		
1.169429e+15		
1.170184e+15		
1.170933e+15		
1.171690e+15		
1.171930e+15		
1.172440e+15		
1.173199e+15		
1.173952e+15		
1.174632e+15		
1.174705e+15		
1.175460e+15		
1.176215e+15		
1.176964e+15		
1.177339e+15		
1.177722e+15		
1.178473e+15		
1.179225e+15		
1.179985e+15		
1.180052e+15		
1.180739e+15		
1.181487e+15		
1.182242e+15		
1.182769e+15		
1.182999e+15		
1.183750e+15		
1.184508e+15		
1.185261e+15		
1.185499e+15		
1.186014e+15		
1.186768e+15		
1.187523e+15		
1.188234e+15		
1.188279e+15		
1.189029e+15		
1.189787e+15		
1.190538e+15		
1.190975e+15		
1.191291e+15		
1.192044e+15		
1.192798e+15		
1.193554e+15		
1.193720e+15		
1.194310e+15		
1.195060e+15		
1.195818e+15		
1.196471e+15		
1.196569e+15		
1.197322e+15		
1.198075e+15		
1.198830e+15		
1.199226e+15		
1.199585e+15		
1.200341e+15		
1.201091e+15		
1.201849e+15		
1.201994e+15		
1.202600e+15		
1.203353e+15		
1.204106e+15		
1.204760e+15		
1.204860e+15		
1.205615e+15		
1.206238e+15	5.181500e+00	
1.206372e+15		
1.207129e+15		
1.207539e+15		
1.207879e+15		
1.208630e+15		
1.209390e+15		
1.209817e+15		-1.730000e-02
1.210143e+15		-1.724166e-02
1.210322e+15		-1.720974e-02
1.210897e+15		-1.710698e-02
1.211652e+15		-1.697213e-02
1.212401e+15		-1.683850e-02
1.213111e+15		-1.671168e-02
1.213157e+15		-1.670331e-02
1.213908e+15		-1.656936e-02
1.214666e+15		-1.643383e-02
1.215418e+15		-1.629954e-02
1.215912e+15		-1.621132e-02
1.216171e+15		-1.616508e-02
1.216925e+15		-1.603045e-02
1.217679e+15		-1.589566e-02
1.218435e+15		-1.576070e-02
1.218711e+15		-1.571146e-02
1.219192e+15		-1.562557e-02
1.219941e+15		-1.549169e-02
1.220700e+15		-1.535623e-02
1.221451e+15		-1.522201e-02
1.221522e+15		-1.520929e-02
1.222204e+15		-1.508763e-02
1.222957e+15		-1.495308e-02
1.223711e+15		-1.481836e-02
1.224339e+15		-1.470621e-02
1.224466e+15		-1.468348e-02
1.225222e+15		-1.454844e-02
