1.319469e+14	2.830724e+00	3.806763e-01
1.320996e+14	2.835207e+00	3.809576e-01
1.323216e+14	2.841734e+00	3.813718e-01
1.324039e+14	2.844153e+00	3.815254e-01
1.327008e+14	2.852871e+00	3.820791e-01
1.327097e+14	2.853132e+00	3.820957e-01
1.330150e+14	2.862153e+00	3.826637e-01
1.333217e+14	2.871227e+00	3.832245e-01
1.334549e+14	2.875190e+00	3.834627e-01
1.336103e+14	2.879814e+00	3.837406e-01
1.336289e+14	2.880366e+00	3.837737e-01
1.339375e+14	2.889582e+00	3.843072e-01
1.342089e+14	2.897781e+00	3.847598e-01
1.342456e+14	2.898890e+00	3.848210e-01
1.345551e+14	2.908305e+00	3.853121e-01
1.348661e+14	2.917845e+00	3.857776e-01
1.349628e+14	2.920863e+00	3.859142e-01
1.351765e+14	2.927528e+00	3.862159e-01
1.354804e+14	2.937123e+00	3.866155e-01
1.354884e+14	2.937377e+00	3.866261e-01
1.357168e+14	2.944715e+00	3.869056e-01
1.358008e+14	2.947414e+00	3.870085e-01
1.361136e+14	2.957664e+00	3.873651e-01
1.363285e+14	2.964863e+00	3.875947e-01
1.364269e+14	2.968156e+00	3.876998e-01
1.364708e+14	2.969660e+00	3.877443e-01
1.367416e+14	2.978921e+00	3.880188e-01
1.370568e+14	2.989990e+00	3.883314e-01
1.372248e+14	2.996046e+00	3.885006e-01
1.373734e+14	3.001402e+00	3.886503e-01
1.376895e+14	3.013195e+00	3.889926e-01
1.379788e+14	3.024322e+00	3.893461e-01
1.380071e+14	3.025410e+00	3.893807e-01
1.382324e+14	3.034398e+00	3.897083e-01
1.383251e+14	3.038094e+00	3.898430e-01
1.386210e+14	3.050320e+00	3.903730e-01
1.386445e+14	3.051291e+00	3.904152e-01
1.387327e+14	3.055096e+00	3.906159e-01
1.389634e+14	3.065052e+00	3.911414e-01
1.392838e+14	3.079424e+00	3.920754e-01
1.394868e+14	3.088933e+00	3.928386e-01
1.396046e+14	3.094457e+00	3.932819e-01
1.399269e+14	3.110196e+00	3.948372e-01
1.399402e+14	3.110877e+00	3.949195e-01
1.402407e+14	3.126227e+00	3.967759e-01
1.402497e+14	3.126686e+00	3.968313e-01
1.405729e+14	3.143962e+00	3.993678e-01
1.408965e+14	3.162052e+00	4.025650e-01
1.409947e+14	3.167768e+00	4.037707e-01
1.412216e+14	3.180972e+00	4.065560e-01
1.415472e+14	3.200722e+00	4.114882e-01
1.415492e+14	3.200848e+00	4.115251e-01
1.416919e+14	3.209847e+00	4.141661e-01
1.417487e+14	3.213431e+00	4.152179e-01
1.418732e+14	3.221284e+00	4.175225e-01
1.422007e+14	3.242616e+00	4.248312e-01
1.425027e+14	3.262904e+00	4.329016e-01
1.425286e+14	3.264649e+00	4.335956e-01
1.428570e+14	3.287283e+00	4.440020e-01
1.431858e+14	3.310386e+00	4.562370e-01
1.432567e+14	3.315404e+00	4.592921e-01
1.433470e+14	3.321805e+00	4.631883e-01
1.435162e+14	3.333786e+00	4.704823e-01
1.438469e+14	3.357276e+00	4.869070e-01
1.438539e+14	3.357765e+00	4.873005e-01
1.440106e+14	3.368766e+00	4.961427e-01
1.441792e+14	3.380607e+00	5.056608e-01
1.445108e+14	3.403493e+00	5.268657e-01
1.447646e+14	3.420347e+00	5.449546e-01
1.448439e+14	3.425613e+00	5.506070e-01
1.451786e+14	3.446615e+00	5.769255e-01
1.451911e+14	3.447345e+00	5.780073e-01
1.455126e+14	3.466121e+00	6.058092e-01
1.455185e+14	3.466433e+00	6.063660e-01
1.455220e+14	3.466616e+00	6.066906e-01
1.458481e+14	3.483739e+00	6.371860e-01
1.461840e+14	3.499071e+00	6.709186e-01
1.462725e+14	3.502389e+00	6.803262e-01
1.465215e+14	3.511726e+00	7.068008e-01
1.467201e+14	3.517371e+00	7.289892e-01
1.468594e+14	3.521332e+00	7.445561e-01
1.470266e+14	3.524404e+00	7.639623e-01
1.471978e+14	3.527551e+00	7.838399e-01
1.475376e+14	3.530093e+00	8.242436e-01
1.477805e+14	3.529117e+00	8.536527e-01
1.478768e+14	3.528730e+00	8.653030e-01
1.478916e+14	3.528494e+00	8.670966e-01
1.482186e+14	3.523305e+00	9.065090e-01
1.485344e+14	3.514454e+00	9.442961e-01
1.485597e+14	3.513745e+00	9.473215e-01
1.487195e+14	3.507366e+00	9.659084e-01
1.489024e+14	3.500064e+00	9.871850e-01
1.492455e+14	3.482368e+00	1.025547e+00
1.492885e+14	3.479674e+00	1.030097e+00
1.495890e+14	3.460858e+00	1.061874e+00
1.499340e+14	3.435815e+00	1.095674e+00
1.499555e+14	3.434058e+00	1.097594e+00
1.500425e+14	3.426955e+00	1.105357e+00
1.502795e+14	3.407602e+00	1.126507e+00
1.505705e+14	3.381644e+00	1.149562e+00
1.506265e+14	3.376642e+00	1.154005e+00
1.507964e+14	3.360391e+00	1.165681e+00
1.509740e+14	3.343410e+00	1.177881e+00
1.513218e+14	3.308408e+00	1.197932e+00
1.515504e+14	3.284606e+00	1.208514e+00
1.516701e+14	3.272151e+00	1.214052e+00
1.520199e+14	3.235143e+00	1.226218e+00
1.520607e+14	3.230804e+00	1.227181e+00
1.523044e+14	3.204862e+00	1.232940e+00
1.523701e+14	3.197863e+00	1.234493e+00
1.527220e+14	3.160747e+00	1.239010e+00
1.528293e+14	3.149603e+00	1.239300e+00
1.530584e+14	3.125814e+00	1.239917e+00
1.530742e+14	3.124175e+00	1.239960e+00
1.534268e+14	3.088461e+00	1.237575e+00
1.534393e+14	3.087239e+00	1.237382e+00
1.537810e+14	3.053856e+00	1.232110e+00
1.538124e+14	3.050898e+00	1.231374e+00
1.541344e+14	3.020538e+00	1.223826e+00
1.544906e+14	2.988628e+00	1.212972e+00
1.545664e+14	2.982139e+00	1.210159e+00
1.548460e+14	2.958191e+00	1.199774e+00
1.552030e+14	2.929254e+00	1.184421e+00
1.553204e+14	2.920273e+00	1.178737e+00
1.555616e+14	2.901817e+00	1.167057e+00
1.559193e+14	2.875870e+00	1.147785e+00
1.560744e+14	2.865315e+00	1.138672e+00
1.562787e+14	2.851407e+00	1.126662e+00
1.563767e+14	2.845171e+00	1.120430e+00
1.566251e+14	2.829373e+00	1.104642e+00
1.566397e+14	2.828441e+00	1.103710e+00
1.568283e+14	2.817260e+00	1.090776e+00
1.570011e+14	2.807014e+00	1.078922e+00
1.573629e+14	2.787205e+00	1.052278e+00
1.575823e+14	2.776253e+00	1.034992e+00
1.577250e+14	2.769133e+00	1.023753e+00
1.580888e+14	2.752956e+00	9.933385e-01
1.583363e+14	2.743381e+00	9.713874e-01
1.584529e+14	2.738870e+00	9.610476e-01
1.587463e+14	2.729427e+00	9.336860e-01
1.588187e+14	2.727096e+00	9.269319e-01
1.590903e+14	2.720258e+00	9.003468e-01
1.591849e+14	2.717876e+00	8.910877e-01
1.595513e+14	2.711452e+00	8.536618e-01
1.598443e+14	2.708756e+00	8.227863e-01
1.599195e+14	2.708063e+00	8.148531e-01
1.599745e+14	2.708042e+00	8.088977e-01
1.602881e+14	2.707920e+00	7.749108e-01
1.605982e+14	2.710681e+00	7.406214e-01
1.606569e+14	2.711204e+00	7.341290e-01
1.610275e+14	2.718048e+00	6.928382e-01
1.613522e+14	2.727197e+00	6.566857e-01
1.613998e+14	2.728536e+00	6.513949e-01
1.614582e+14	2.730762e+00	6.449106e-01
1.617710e+14	2.742692e+00	6.101691e-01
1.621061e+14	2.758677e+00	5.736499e-01
1.621439e+14	2.760479e+00	5.695322e-01
1.625186e+14	2.781805e+00	5.298435e-01
1.628602e+14	2.804408e+00	4.947231e-01
1.628922e+14	2.806522e+00	4.914389e-01
1.632675e+14	2.834434e+00	4.546207e-01
1.636141e+14	2.862818e+00	4.224687e-01
1.636445e+14	2.865307e+00	4.196492e-01
1.640219e+14	2.898879e+00	3.867372e-01
1.643681e+14	2.931875e+00	3.585978e-01
1.643995e+14	2.934866e+00	3.560465e-01
1.647789e+14	2.972984e+00	3.276868e-01
1.649779e+14	2.993921e+00	3.140795e-01
1.649923e+14	2.995442e+00	3.130912e-01
1.651220e+14	3.009091e+00	3.042211e-01
1.651586e+14	3.012943e+00	3.017177e-01
1.655387e+14	3.054470e+00	2.781518e-01
1.658760e+14	3.092328e+00	2.594237e-01
1.659204e+14	3.097309e+00	2.569597e-01
1.663040e+14	3.141233e+00	2.380763e-01
1.666300e+14	3.179445e+00	2.238613e-01
1.666863e+14	3.186041e+00	2.214075e-01
1.670704e+14	3.231568e+00	2.068379e-01
1.673841e+14	3.269046e+00	1.965970e-01
1.674563e+14	3.277682e+00	1.942373e-01
1.678425e+14	3.324287e+00	1.834678e-01
1.680691e+14	3.351861e+00	1.781454e-01
1.681381e+14	3.360251e+00	1.765260e-01
1.682290e+14	3.371317e+00	1.743900e-01
1.686173e+14	3.418741e+00	1.668675e-01
1.688921e+14	3.452558e+00	1.625561e-01
1.690058e+14	3.466552e+00	1.607719e-01
1.693946e+14	3.514768e+00	1.559855e-01
1.696460e+14	3.546086e+00	1.536804e-01
1.697852e+14	3.563429e+00	1.524040e-01
1.700691e+14	3.598996e+00	1.506197e-01
1.701776e+14	3.612592e+00	1.499377e-01
1.703999e+14	3.640860e+00	1.491276e-01
1.705688e+14	3.662331e+00	1.485124e-01
1.709633e+14	3.712728e+00	1.480695e-01
1.711539e+14	3.737526e+00	1.483100e-01
1.713565e+14	3.763878e+00	1.485656e-01
1.717515e+14	3.815882e+00	1.499722e-01
1.717923e+14	3.821334e+00	1.502092e-01
1.719080e+14	3.836768e+00	1.508801e-01
1.721484e+14	3.868851e+00	1.522747e-01
1.725439e+14	3.922898e+00	1.554718e-01
1.726619e+14	3.939249e+00	1.566862e-01
1.729428e+14	3.978148e+00	1.595752e-01
1.733404e+14	4.034728e+00	1.646096e-01
1.734158e+14	4.045690e+00	1.657433e-01
1.737398e+14	4.092775e+00	1.706126e-01
1.741411e+14	4.152434e+00	1.776354e-01
1.741699e+14	4.156840e+00	1.782171e-01
1.745426e+14	4.213859e+00	1.857448e-01
1.749239e+14	4.273988e+00	1.945520e-01
1.749444e+14	4.277214e+00	1.950245e-01
1.753480e+14	4.342676e+00	2.055781e-01
1.755909e+14	4.383438e+00	2.127701e-01
1.756779e+14	4.398036e+00	2.153457e-01
1.757518e+14	4.410431e+00	2.175325e-01
1.761575e+14	4.480678e+00	2.310417e-01
1.761855e+14	4.485704e+00	2.320924e-01
1.764319e+14	4.529986e+00	2.413495e-01
1.765634e+14	4.553628e+00	2.462917e-01
1.769712e+14	4.629500e+00	2.635054e-01
1.771858e+14	4.671060e+00	2.737317e-01
1.773792e+14	4.708519e+00	2.829487e-01
1.777874e+14	4.790914e+00	3.049362e-01
1.779398e+14	4.822870e+00	3.141893e-01
1.780625e+14	4.848589e+00	3.216365e-01
1.781975e+14	4.876911e+00	3.298374e-01
1.786078e+14	4.966727e+00	3.580824e-01
1.786938e+14	4.986308e+00	3.647778e-01
1.790200e+14	5.060560e+00	3.901678e-01
1.794324e+14	5.158583e+00	4.266611e-01
1.794478e+14	5.162380e+00	4.282027e-01
1.798467e+14	5.260922e+00	4.682046e-01
1.802018e+14	5.352346e+00	5.087310e-01
1.802612e+14	5.367656e+00	5.155173e-01
1.806759e+14	5.478790e+00	5.693950e-01
1.809557e+14	5.556326e+00	6.105711e-01
1.809829e+14	5.563861e+00	6.145723e-01
1.810925e+14	5.594244e+00	6.307077e-01
1.815110e+14	5.713834e+00	7.003945e-01
1.816829e+14	5.764700e+00	7.329797e-01
1.817098e+14	5.772671e+00	7.380857e-01
1.819280e+14	5.837250e+00	7.794549e-01
1.823486e+14	5.964043e+00	8.689360e-01
1.824637e+14	5.999626e+00	8.966700e-01
1.827676e+14	6.093603e+00	9.699163e-01
1.831904e+14	6.225139e+00	1.083485e+00
1.832176e+14	6.233713e+00	1.091715e+00
1.836115e+14	6.357675e+00	1.210715e+00
1.839717e+14	6.470357e+00	1.331548e+00
1.840346e+14	6.490023e+00	1.352637e+00
1.841014e+14	6.510578e+00	1.377405e+00
1.844596e+14	6.620791e+00	1.510203e+00
1.847257e+14	6.700635e+00	1.619130e+00
1.848848e+14	6.748369e+00	1.684251e+00
1.853119e+14	6.870937e+00	1.875461e+00
1.854797e+14	6.916496e+00	1.957814e+00
1.857374e+14	6.986479e+00	2.084319e+00
1.861666e+14	7.092796e+00	2.311071e+00
1.862336e+14	7.107567e+00	2.349211e+00
1.865960e+14	7.187535e+00	2.555682e+00
1.868146e+14	7.228601e+00	2.689069e+00
1.869875e+14	7.261086e+00	2.794584e+00
1.870255e+14	7.268231e+00	2.817793e+00
1.874570e+14	7.332343e+00	3.096692e+00
1.877416e+14	7.361991e+00	3.290891e+00
1.878887e+14	7.377318e+00	3.391279e+00
1.880267e+14	7.384743e+00	3.489566e+00
1.883223e+14	7.400644e+00	3.700048e+00
1.884956e+14	7.400359e+00	3.828224e+00
1.887562e+14	7.399930e+00	4.021072e+00
1.891914e+14	7.372976e+00	4.352011e+00
1.892495e+14	7.365628e+00	4.397082e+00
1.896274e+14	7.317851e+00	4.690124e+00
1.900036e+14	7.244810e+00	4.984608e+00
1.900645e+14	7.232981e+00	5.032301e+00
1.902390e+14	7.186886e+00	5.168808e+00
1.905027e+14	7.117220e+00	5.375117e+00
1.907576e+14	7.031750e+00	5.572286e+00
1.909419e+14	6.969929e+00	5.714897e+00
1.913820e+14	6.791032e+00	6.047803e+00
1.915115e+14	6.729422e+00	6.142330e+00
1.918233e+14	6.581067e+00	6.369945e+00
1.922655e+14	6.341208e+00	6.677495e+00
1.927088e+14	6.073265e+00	6.966824e+00
1.930194e+14	5.867917e+00	7.154128e+00
1.931336e+14	5.792368e+00	7.223038e+00
1.931529e+14	5.779652e+00	7.234638e+00
1.935982e+14	5.463313e+00	7.478114e+00
1.937734e+14	5.331560e+00	7.563249e+00
1.940445e+14	5.127621e+00	7.695027e+00
1.941328e+14	5.058181e+00	7.732340e+00
1.944917e+14	4.776228e+00	7.883846e+00
1.945275e+14	4.747274e+00	7.896592e+00
1.949401e+14	4.412888e+00	8.043798e+00
1.952814e+14	4.130646e+00	8.143354e+00
1.953895e+14	4.041259e+00	8.174883e+00
1.958399e+14	3.664687e+00	8.277824e+00
1.960355e+14	3.500706e+00	8.310791e+00
1.962915e+14	3.286010e+00	8.353953e+00
1.967438e+14	2.907381e+00	8.405030e+00
1.967894e+14	2.869464e+00	8.407841e+00
1.970223e+14	2.675827e+00	8.422200e+00
1.971975e+14	2.530166e+00	8.433001e+00
1.975434e+14	2.244524e+00	8.438112e+00
1.976520e+14	2.154905e+00	8.439716e+00
1.981077e+14	1.781386e+00	8.426630e+00
1.982974e+14	1.626641e+00	8.413296e+00
1.985644e+14	1.408817e+00	8.394526e+00
1.990220e+14	1.036102e+00	8.343299e+00
1.990512e+14	1.012302e+00	8.338750e+00
1.994810e+14	6.622022e-01	8.271834e+00
1.995351e+14	6.179548e-01	8.260784e+00
1.998053e+14	3.971894e-01	8.205655e+00
1.999408e+14	2.865418e-01	8.178024e+00
2.004016e+14	-9.058760e-02	8.058930e+00
2.005592e+14	-2.192284e-01	8.008498e+00
2.008635e+14	-4.676812e-01	7.911096e+00
2.009464e+14	-5.346229e-01	7.878867e+00
2.013132e+14	-8.308459e-01	7.736255e+00
2.013267e+14	-8.417868e-01	7.730988e+00
2.017907e+14	-1.208436e+00	7.515521e+00
2.020672e+14	-1.418459e+00	7.365187e+00
2.022558e+14	-1.561761e+00	7.262611e+00
2.027222e+14	-1.894809e+00	6.971669e+00
2.027263e+14	-1.897480e+00	6.968801e+00
2.028212e+14	-1.959504e+00	6.902212e+00
2.031894e+14	-2.200028e+00	6.643989e+00
2.035752e+14	-2.422241e+00	6.346685e+00
2.036579e+14	-2.469878e+00	6.282951e+00
2.041274e+14	-2.697489e+00	5.894012e+00
2.043292e+14	-2.774596e+00	5.718394e+00
2.045980e+14	-2.877304e+00	5.484468e+00
2.046646e+14	-2.895431e+00	5.424920e+00
2.050695e+14	-3.005600e+00	5.063017e+00
2.050831e+14	-3.007766e+00	5.050820e+00
2.052713e+14	-3.037715e+00	4.882149e+00
2.055424e+14	-3.080857e+00	4.639174e+00
2.058371e+14	-3.095189e+00	4.380047e+00
2.060162e+14	-3.103898e+00	4.222590e+00
2.064910e+14	-3.077822e+00	3.822384e+00
2.065911e+14	-3.063093e+00	3.743421e+00
2.069672e+14	-3.007716e+00	3.446534e+00
2.073451e+14	-2.922534e+00	3.173071e+00
2.074441e+14	-2.900212e+00	3.101410e+00
2.079224e+14	-2.762942e+00	2.791481e+00
2.080991e+14	-2.704312e+00	2.691077e+00
2.081383e+14	-2.691318e+00	2.668824e+00
2.084017e+14	-2.603954e+00	2.519213e+00
2.088531e+14	-2.441571e+00	2.299242e+00
2.088820e+14	-2.431164e+00	2.285145e+00
2.092504e+14	-2.294031e+00	2.134432e+00
2.093637e+14	-2.251884e+00	2.088111e+00
2.096070e+14	-2.161458e+00	2.006190e+00
2.097888e+14	-2.093877e+00	1.944966e+00
2.098464e+14	-2.072471e+00	1.925573e+00
2.103299e+14	-1.898112e+00	1.794002e+00
2.103611e+14	-1.887468e+00	1.787260e+00
2.108150e+14	-1.732732e+00	1.689264e+00
2.111151e+14	-1.637793e+00	1.638446e+00
2.113008e+14	-1.579021e+00	1.606987e+00
2.117880e+14	-1.438543e+00	1.542859e+00
2.118689e+14	-1.417549e+00	1.534570e+00
2.122762e+14	-1.311906e+00	1.492856e+00
2.125178e+14	-1.256138e+00	1.473373e+00
2.126229e+14	-1.231866e+00	1.464894e+00
2.127655e+14	-1.198957e+00	1.453397e+00
2.132033e+14	-1.109730e+00	1.424869e+00
2.132561e+14	-1.098983e+00	1.421432e+00
2.133770e+14	-1.077313e+00	1.414799e+00
2.137477e+14	-1.010895e+00	1.394467e+00
2.141309e+14	-9.506204e-01	1.375862e+00
2.142404e+14	-9.333922e-01	1.370544e+00
2.147341e+14	-8.650872e-01	1.348200e+00
2.148849e+14	-8.466645e-01	1.341559e+00
2.152292e+14	-8.046081e-01	1.326399e+00
2.156389e+14	-7.600585e-01	1.308281e+00
2.157253e+14	-7.506665e-01	1.304461e+00
2.162227e+14	-7.021020e-01	1.281991e+00
2.163929e+14	-6.870037e-01	1.274073e+00
2.167211e+14	-6.579066e-01	1.258813e+00
2.169631e+14	-6.382151e-01	1.247237e+00
2.171468e+14	-6.232636e-01	1.238449e+00
2.172208e+14	-6.172354e-01	1.234905e+00
2.173110e+14	-6.104225e-01	1.230484e+00
2.177214e+14	-5.794011e-01	1.210355e+00
2.179008e+14	-5.667014e-01	1.201404e+00
2.182235e+14	-5.438676e-01	1.185310e+00
2.186548e+14	-5.150172e-01	1.163557e+00
2.187264e+14	-5.102317e-01	1.159949e+00
2.191669e+14	-4.822539e-01	1.137673e+00
2.192306e+14	-4.782064e-01	1.134450e+00
2.194087e+14	-4.674218e-01	1.125474e+00
2.197361e+14	-4.475992e-01	1.108974e+00
2.201629e+14	-4.229065e-01	1.087636e+00
2.202427e+14	-4.182929e-01	1.083649e+00
2.207503e+14	-3.902246e-01	1.058564e+00
2.209169e+14	-3.814317e-01	1.050445e+00
2.211274e+14	-3.703221e-01	1.040186e+00
2.212592e+14	-3.633674e-01	1.033764e+00
2.216708e+14	-3.426602e-01	1.013978e+00
2.217600e+14	-3.381740e-01	1.009691e+00
2.217691e+14	-3.377142e-01	1.009252e+00
2.222804e+14	-3.132628e-01	9.849894e-01
2.224247e+14	-3.067168e-01	9.782117e-01
2.227930e+14	-2.900040e-01	9.609075e-01
2.231786e+14	-2.734089e-01	9.428799e-01
2.233063e+14	-2.679137e-01	9.369104e-01
2.238213e+14	-2.469464e-01	9.128856e-01
2.239327e+14	-2.426463e-01	9.076661e-01
2.243372e+14	-2.270313e-01	8.887125e-01
2.246868e+14	-2.142152e-01	8.721902e-01
2.247687e+14	-2.112105e-01	8.683165e-01
2.248438e+14	-2.084558e-01	8.647652e-01
2.248543e+14	-2.080726e-01	8.642711e-01
2.253726e+14	-1.899496e-01	8.394493e-01
2.254408e+14	-1.876623e-01	8.361292e-01
2.258922e+14	-1.725198e-01	8.141503e-01
2.261948e+14	-1.627030e-01	7.991302e-01
2.264129e+14	-1.556232e-01	7.882978e-01
2.269349e+14	-1.390872e-01	7.618393e-01
2.269486e+14	-1.386600e-01	7.611317e-01
2.274580e+14	-1.227320e-01	7.347496e-01
2.277025e+14	-1.151044e-01	7.218225e-01
2.279823e+14	-1.063769e-01	7.070311e-01
2.284565e+14	-9.146479e-02	6.814888e-01
2.285080e+14	-8.984471e-02	6.787138e-01
2.290347e+14	-7.296766e-02	6.498537e-01
2.292107e+14	-6.717522e-02	6.400789e-01
2.295627e+14	-5.559119e-02	6.205307e-01
2.299646e+14	-4.190777e-02	5.979804e-01
2.300918e+14	-3.757824e-02	5.908453e-01
2.306222e+14	-1.881149e-02	5.609149e-01
2.307187e+14	-1.524984e-02	5.554597e-01
2.311538e+14	8.040859e-04	5.308703e-01
2.314726e+14	1.308634e-02	5.129170e-01
2.316869e+14	2.134090e-02	5.008511e-01
2.322209e+14	4.284769e-02	4.710020e-01
2.322266e+14	4.308819e-02	4.706863e-01
2.327563e+14	6.535009e-02	4.414688e-01
2.329807e+14	7.518174e-02	4.293060e-01
2.332926e+14	8.885143e-02	4.123952e-01
2.334141e+14	9.437734e-02	4.059681e-01
2.335559e+14	1.008310e-01	3.984621e-01
2.337344e+14	1.089541e-01	3.890144e-01
2.338306e+14	1.133349e-01	3.839192e-01
2.343697e+14	1.387653e-01	3.561707e-01
2.344883e+14	1.445497e-01	3.502598e-01
2.349097e+14	1.650913e-01	3.292691e-01
2.352425e+14	1.817732e-01	3.133296e-01
2.354514e+14	1.922474e-01	3.033216e-01
2.359941e+14	2.201587e-01	2.784221e-01
2.359965e+14	2.202829e-01	2.783188e-01
2.365381e+14	2.487417e-01	2.546503e-01
2.367505e+14	2.601032e-01	2.458557e-01
2.370834e+14	2.779095e-01	2.320725e-01
2.375043e+14	3.007499e-01	2.156489e-01
2.376301e+14	3.075740e-01	2.107420e-01
2.381778e+14	3.376493e-01	1.907019e-01
2.382585e+14	3.421178e-01	1.879518e-01
2.387268e+14	3.680549e-01	1.719895e-01
2.390122e+14	3.839583e-01	1.629917e-01
2.392771e+14	3.987151e-01	1.546426e-01
2.396778e+14	4.211154e-01	1.430683e-01
2.397662e+14	4.260595e-01	1.405137e-01
2.398287e+14	4.295558e-01	1.387071e-01
2.403817e+14	4.604949e-01	1.242444e-01
2.405204e+14	4.682353e-01	1.210130e-01
2.409357e+14	4.914244e-01	1.113322e-01
2.412743e+14	5.101752e-01	1.044588e-01
2.414913e+14	5.221912e-01	1.000542e-01
2.420284e+14	5.515095e-01	9.081039e-02
2.420479e+14	5.525783e-01	9.047338e-02
2.426059e+14	5.823063e-01	8.258973e-02
2.427821e+14	5.913676e-01	8.060618e-02
2.431652e+14	6.110620e-01	7.629507e-02
2.435362e+14	6.292612e-01	7.301992e-02
2.437258e+14	6.385594e-01	7.134661e-02
2.441734e+14	6.593308e-01	6.818606e-02
2.442874e+14	6.646174e-01	6.738166e-02
2.442902e+14	6.647418e-01	6.736446e-02
2.448506e+14	6.892238e-01	6.398277e-02
2.450442e+14	6.972200e-01	6.288421e-02
2.454152e+14	7.125507e-01	6.077802e-02
2.457983e+14	7.276913e-01	5.858345e-02
2.459808e+14	7.349050e-01	5.753784e-02
2.465480e+14	7.566260e-01	5.422475e-02
2.465522e+14	7.567835e-01	5.420075e-02
2.471162e+14	7.779746e-01	5.097152e-02
2.473062e+14	7.850075e-01	4.997965e-02
2.476858e+14	7.990576e-01	4.799811e-02
2.480603e+14	8.126732e-01	4.636460e-02
2.482570e+14	8.198233e-01	4.550677e-02
2.485684e+14	8.308673e-01	4.446959e-02
2.488141e+14	8.395770e-01	4.365164e-02
2.488292e+14	8.401127e-01	4.360133e-02
2.494027e+14	8.597434e-01	4.225901e-02
2.495681e+14	8.651648e-01	4.199868e-02
2.499775e+14	8.785813e-01	4.135442e-02
2.503221e+14	8.893395e-01	4.097121e-02
2.505540e+14	8.965801e-01	4.071329e-02
2.510760e+14	9.121256e-01	4.022070e-02
2.511315e+14	9.137794e-01	4.016829e-02
2.517103e+14	9.302799e-01	3.959735e-02
2.518301e+14	9.335648e-01	3.946145e-02
2.522908e+14	9.462076e-01	3.893840e-02
2.525839e+14	9.540077e-01	3.855855e-02
2.528723e+14	9.616815e-01	3.818484e-02
2.533379e+14	9.737567e-01	3.753374e-02
2.534551e+14	9.767957e-01	3.736988e-02
2.540395e+14	9.916089e-01	3.654758e-02
2.540919e+14	9.929098e-01	3.647849e-02
2.546250e+14	1.006145e+00	3.577561e-02
2.548460e+14	1.011511e+00	3.552205e-02
2.552121e+14	1.020400e+00	3.510206e-02
2.556000e+14	1.029597e+00	3.474298e-02
2.558005e+14	1.034350e+00	3.455741e-02
2.559587e+14	1.038003e+00	3.444842e-02
2.563540e+14	1.047126e+00	3.417617e-02
2.563903e+14	1.047963e+00	3.415119e-02
2.569810e+14	1.061207e+00	3.387281e-02
2.571079e+14	1.063959e+00	3.383479e-02
2.575734e+14	1.074056e+00	3.369529e-02
2.578620e+14	1.080101e+00	3.363969e-02
2.581675e+14	1.086499e+00	3.358082e-02
2.586159e+14	1.095571e+00	3.351000e-02
2.587625e+14	1.098538e+00	3.348684e-02
2.593589e+14	1.110186e+00	3.337167e-02
2.593700e+14	1.110395e+00	3.336848e-02
2.599569e+14	1.121472e+00	3.319901e-02
2.601238e+14	1.124524e+00	3.312715e-02
2.605560e+14	1.132431e+00	3.294097e-02
2.608780e+14	1.138151e+00	3.274724e-02
2.611567e+14	1.143101e+00	3.257958e-02
2.616319e+14	1.151330e+00	3.220651e-02
2.617587e+14	1.153525e+00	3.210696e-02
2.623624e+14	1.163741e+00	3.152448e-02
2.623857e+14	1.164129e+00	3.149807e-02
2.628852e+14	1.172426e+00	3.093367e-02
2.629670e+14	1.173785e+00	3.084124e-02
2.631399e+14	1.176609e+00	3.062196e-02
2.635734e+14	1.183687e+00	3.007225e-02
2.638937e+14	1.188847e+00	2.963143e-02
2.641807e+14	1.193470e+00	2.923643e-02
2.646477e+14	1.200895e+00	2.856038e-02
2.647897e+14	1.203153e+00	2.835478e-02
2.654004e+14	1.212745e+00	2.744876e-02
2.654018e+14	1.212768e+00	2.744653e-02
2.660120e+14	1.222253e+00	2.653888e-02
2.661558e+14	1.224464e+00	2.632891e-02
2.666253e+14	1.231679e+00	2.564370e-02
2.669096e+14	1.235998e+00	2.524376e-02
2.672399e+14	1.241018e+00	2.477902e-02
2.676638e+14	1.247382e+00	2.421366e-02
2.677657e+14	1.248912e+00	2.407775e-02
2.678559e+14	1.250266e+00	2.395747e-02
2.684177e+14	1.258588e+00	2.325778e-02
2.684736e+14	1.259415e+00	2.318827e-02
2.690922e+14	1.268457e+00	2.247728e-02
2.691717e+14	1.269602e+00	2.239391e-02
2.697125e+14	1.277384e+00	2.182719e-02
2.699256e+14	1.280402e+00	2.162521e-02
2.703344e+14	1.286188e+00	2.123792e-02
2.706796e+14	1.290994e+00	2.094379e-02
2.709574e+14	1.294862e+00	2.070703e-02
2.714338e+14	1.301375e+00	2.034340e-02
2.715820e+14	1.303401e+00	2.023027e-02
2.721875e+14	1.311522e+00	1.981638e-02
2.722083e+14	1.311801e+00	1.980214e-02
2.728356e+14	1.320062e+00	1.941634e-02
2.729415e+14	1.321429e+00	1.935742e-02
2.734645e+14	1.328181e+00	1.906632e-02
2.736956e+14	1.331106e+00	1.894883e-02
2.740952e+14	1.336162e+00	1.874569e-02
2.743129e+14	1.338866e+00	1.864327e-02
2.744496e+14	1.340564e+00	1.857893e-02
2.747268e+14	1.344007e+00	1.844849e-02
2.752033e+14	1.349810e+00	1.823858e-02
2.753601e+14	1.351720e+00	1.816952e-02
2.759575e+14	1.358856e+00	1.792015e-02
2.759951e+14	1.359305e+00	1.790446e-02
2.766314e+14	1.366767e+00	1.764999e-02
2.767114e+14	1.367689e+00	1.761910e-02
2.772691e+14	1.374113e+00	1.740377e-02
2.774523e+14	1.376188e+00	1.733512e-02
2.774654e+14	1.376336e+00	1.733023e-02
2.779080e+14	1.381348e+00	1.716442e-02
2.782194e+14	1.384812e+00	1.705120e-02
2.785487e+14	1.388477e+00	1.693144e-02
2.789733e+14	1.393122e+00	1.678181e-02
2.791911e+14	1.395504e+00	1.670507e-02
2.797276e+14	1.401286e+00	1.652250e-02
2.798343e+14	1.402435e+00	1.648618e-02
2.804797e+14	1.409274e+00	1.627608e-02
2.804814e+14	1.409291e+00	1.627557e-02
2.811260e+14	1.416023e+00	1.607641e-02
2.812355e+14	1.417148e+00	1.604475e-02
2.817740e+14	1.422685e+00	1.588897e-02
2.819894e+14	1.424865e+00	1.583150e-02
2.824238e+14	1.429262e+00	1.571562e-02
2.827432e+14	1.432448e+00	1.563836e-02
2.830748e+14	1.435756e+00	1.555815e-02
2.834972e+14	1.439904e+00	1.546758e-02
2.837276e+14	1.442168e+00	1.541817e-02
2.842513e+14	1.447240e+00	1.532116e-02
2.843812e+14	1.448498e+00	1.529709e-02
2.850051e+14	1.454443e+00	1.520095e-02
2.850370e+14	1.454747e+00	1.519603e-02
2.856268e+14	1.460282e+00	1.512400e-02
2.856941e+14	1.460914e+00	1.511578e-02
2.857591e+14	1.461515e+00	1.510996e-02
2.863525e+14	1.467000e+00	1.505679e-02
2.865131e+14	1.468461e+00	1.504764e-02
2.870127e+14	1.473004e+00	1.501919e-02
2.872672e+14	1.475282e+00	1.501287e-02
2.876745e+14	1.478926e+00	1.500276e-02
2.880213e+14	1.481980e+00	1.500496e-02
2.883377e+14	1.484765e+00	1.500697e-02
2.887750e+14	1.488554e+00	1.502280e-02
2.890021e+14	1.490522e+00	1.503101e-02
2.895290e+14	1.495009e+00	1.506488e-02
2.896683e+14	1.496195e+00	1.507383e-02
2.902830e+14	1.501340e+00	1.512936e-02
2.903362e+14	1.501786e+00	1.513417e-02
2.910054e+14	1.507293e+00	1.521059e-02
2.910373e+14	1.507551e+00	1.521491e-02
2.916764e+14	1.512719e+00	1.530157e-02
2.917910e+14	1.513631e+00	1.531931e-02
2.923486e+14	1.518063e+00	1.540555e-02
2.925451e+14	1.519598e+00	1.543920e-02
2.927743e+14	1.521388e+00	1.547847e-02
2.930226e+14	1.523327e+00	1.552098e-02
2.932989e+14	1.525447e+00	1.557228e-02
2.936983e+14	1.528511e+00	1.564644e-02
2.940529e+14	1.531186e+00	1.571675e-02
2.943753e+14	1.533618e+00	1.578067e-02
2.948071e+14	1.536819e+00	1.587106e-02
2.950540e+14	1.538648e+00	1.592274e-02
2.955611e+14	1.542344e+00	1.603407e-02
2.957340e+14	1.543605e+00	1.607205e-02
2.963152e+14	1.547768e+00	1.620542e-02
2.964158e+14	1.548489e+00	1.622851e-02
2.970689e+14	1.553090e+00	1.638534e-02
2.970989e+14	1.553302e+00	1.639254e-02
2.977841e+14	1.558045e+00	1.656505e-02
2.978232e+14	1.558311e+00	1.657544e-02
2.984702e+14	1.562720e+00	1.674744e-02
2.985770e+14	1.563434e+00	1.677754e-02
2.991585e+14	1.567325e+00	1.694133e-02
2.993309e+14	1.568458e+00	1.699310e-02
2.998480e+14	1.571859e+00	1.714832e-02
3.000848e+14	1.573387e+00	1.722408e-02
3.005393e+14	1.576320e+00	1.736952e-02
3.008391e+14	1.578217e+00	1.747149e-02
3.012319e+14	1.580703e+00	1.760509e-02
3.015929e+14	1.582938e+00	1.773423e-02
3.019267e+14	1.585005e+00	1.785363e-02
3.023471e+14	1.587551e+00	1.800962e-02
3.026223e+14	1.589219e+00	1.811174e-02
3.029694e+14	1.591269e+00	1.824203e-02
3.031006e+14	1.592044e+00	1.829129e-02
3.033201e+14	1.593341e+00	1.837368e-02
3.038550e+14	1.596422e+00	1.857079e-02
3.040192e+14	1.597367e+00	1.863129e-02
3.046088e+14	1.600671e+00	1.883576e-02
3.047201e+14	1.601295e+00	1.887436e-02
3.050497e+14	1.603093e+00	1.897614e-02
3.053628e+14	1.604801e+00	1.907279e-02
3.054227e+14	1.605127e+00	1.909128e-02
3.061166e+14	1.608814e+00	1.926755e-02
3.061265e+14	1.608867e+00	1.927008e-02
3.068326e+14	1.612524e+00	1.939971e-02
3.068706e+14	1.612717e+00	1.940356e-02
3.075400e+14	1.616110e+00	1.947135e-02
3.076248e+14	1.616532e+00	1.947233e-02
3.082486e+14	1.619638e+00	1.947950e-02
3.083787e+14	1.620276e+00	1.946912e-02
3.089595e+14	1.623124e+00	1.942278e-02
3.091328e+14	1.623966e+00	1.939390e-02
3.096716e+14	1.626584e+00	1.930409e-02
3.098864e+14	1.627621e+00	1.925178e-02
3.103855e+14	1.630031e+00	1.913028e-02
3.106407e+14	1.631259e+00	1.905218e-02
3.111011e+14	1.633475e+00	1.891130e-02
3.113946e+14	1.634887e+00	1.880799e-02
3.118180e+14	1.636924e+00	1.865892e-02
3.121485e+14	1.638513e+00	1.853313e-02
3.125367e+14	1.640380e+00	1.838538e-02
3.129024e+14	1.642138e+00	1.824153e-02
3.132571e+14	1.643843e+00	1.810207e-02
3.136564e+14	1.645760e+00	1.794531e-02
3.139793e+14	1.647311e+00	1.781856e-02
3.144108e+14	1.649377e+00	1.765367e-02
3.147032e+14	1.650777e+00	1.754195e-02
3.151646e+14	1.652977e+00	1.737329e-02
3.154289e+14	1.654236e+00	1.727672e-02
3.159184e+14	1.656557e+00	1.710713e-02
3.161558e+14	1.657683e+00	1.702489e-02
3.166726e+14	1.660114e+00	1.685585e-02
3.168845e+14	1.661111e+00	1.678655e-02
3.172893e+14	1.662999e+00	1.666131e-02
3.174266e+14	1.663639e+00	1.661883e-02
3.176155e+14	1.664519e+00	1.656043e-02
3.181805e+14	1.667133e+00	1.639372e-02
3.183471e+14	1.667903e+00	1.634458e-02
3.188523e+14	1.670215e+00	1.620166e-02
3.189342e+14	1.670591e+00	1.617846e-02
3.190811e+14	1.671263e+00	1.613691e-02
3.196883e+14	1.674016e+00	1.597080e-02
3.198168e+14	1.674599e+00	1.593563e-02
3.204426e+14	1.677412e+00	1.576910e-02
3.205538e+14	1.677912e+00	1.573951e-02
3.211967e+14	1.680775e+00	1.557301e-02
3.212930e+14	1.681204e+00	1.554805e-02
3.219505e+14	1.684109e+00	1.538238e-02
3.220335e+14	1.684476e+00	1.536146e-02
3.227045e+14	1.687418e+00	1.519799e-02
3.227758e+14	1.687731e+00	1.518063e-02
3.234581e+14	1.690700e+00	1.502156e-02
3.235203e+14	1.690970e+00	1.500707e-02
3.242126e+14	1.693963e+00	1.485456e-02
3.242661e+14	1.694195e+00	1.484276e-02
3.249666e+14	1.697203e+00	1.469971e-02
3.250136e+14	1.697405e+00	1.469010e-02
3.257202e+14	1.700423e+00	1.455954e-02
3.257624e+14	1.700603e+00	1.455173e-02
3.264744e+14	1.703623e+00	1.443685e-02
3.265134e+14	1.703788e+00	1.443055e-02
3.272282e+14	1.706799e+00	1.433465e-02
3.272663e+14	1.706959e+00	1.432954e-02
3.279821e+14	1.709953e+00	1.425574e-02
3.280209e+14	1.710116e+00	1.425174e-02
3.287365e+14	1.713089e+00	1.420288e-02
3.287767e+14	1.713256e+00	1.420014e-02
3.294905e+14	1.716195e+00	1.417894e-02
3.295348e+14	1.716378e+00	1.417763e-02
3.302444e+14	1.719274e+00	1.418625e-02
3.302947e+14	1.719479e+00	1.418686e-02
3.309982e+14	1.722323e+00	1.422693e-02
3.310558e+14	1.722556e+00	1.423021e-02
3.317521e+14	1.725336e+00	1.430263e-02
3.318192e+14	1.725604e+00	1.430961e-02
3.325064e+14	1.728315e+00	1.441470e-02
3.325839e+14	1.728621e+00	1.442654e-02
3.332601e+14	1.731248e+00	1.456345e-02
3.333508e+14	1.731600e+00	1.458183e-02
3.340142e+14	1.734137e+00	1.474918e-02
3.341190e+14	1.734537e+00	1.477562e-02
3.347682e+14	1.736972e+00	1.497079e-02
3.348895e+14	1.737427e+00	1.500727e-02
3.355219e+14	1.739752e+00	1.522692e-02
3.356612e+14	1.740264e+00	1.527526e-02
3.362761e+14	1.742472e+00	1.551512e-02
3.364352e+14	1.743043e+00	1.557715e-02
3.370301e+14	1.745126e+00	1.583223e-02
3.372104e+14	1.745757e+00	1.590953e-02
3.377839e+14	1.747709e+00	1.617393e-02
3.379880e+14	1.748404e+00	1.626803e-02
3.385379e+14	1.750219e+00	1.653569e-02
3.387673e+14	1.750977e+00	1.664733e-02
3.392917e+14	1.752654e+00	1.691197e-02
3.395251e+14	1.753400e+00	1.702976e-02
3.395478e+14	1.753473e+00	1.704120e-02
3.400458e+14	1.755010e+00	1.729657e-02
3.403307e+14	1.755889e+00	1.744264e-02
3.408002e+14	1.757286e+00	1.768277e-02
3.411153e+14	1.758224e+00	1.784396e-02
3.415542e+14	1.759480e+00	1.806326e-02
3.419017e+14	1.760475e+00	1.823694e-02
3.423078e+14	1.761593e+00	1.843072e-02
3.426899e+14	1.762645e+00	1.861308e-02
3.430616e+14	1.763629e+00	1.877809e-02
3.434799e+14	1.764735e+00	1.896374e-02
3.438157e+14	1.765589e+00	1.909809e-02
3.442716e+14	1.766748e+00	1.928047e-02
3.445699e+14	1.767477e+00	1.938375e-02
3.450650e+14	1.768688e+00	1.955519e-02
3.453236e+14	1.769297e+00	1.962838e-02
3.453770e+14	1.769423e+00	1.964350e-02
3.458609e+14	1.770562e+00	1.978048e-02
3.460780e+14	1.771057e+00	1.982663e-02
3.466579e+14	1.772378e+00	1.994984e-02
3.468320e+14	1.772762e+00	1.997338e-02
3.474573e+14	1.774143e+00	2.005791e-02
3.475860e+14	1.774420e+00	2.006478e-02
3.482584e+14	1.775866e+00	2.010066e-02
3.483395e+14	1.776037e+00	2.009812e-02
3.490607e+14	1.777558e+00	2.007558e-02
3.490936e+14	1.777627e+00	2.007174e-02
3.498478e+14	1.779193e+00	1.998384e-02
3.498654e+14	1.779229e+00	1.998180e-02
3.506020e+14	1.780744e+00	1.983424e-02
3.506724e+14	1.780889e+00	1.982013e-02
3.513555e+14	1.782291e+00	1.962823e-02
3.514807e+14	1.782548e+00	1.959307e-02
3.521096e+14	1.783842e+00	1.936919e-02
3.522906e+14	1.784215e+00	1.930478e-02
3.528637e+14	1.785403e+00	1.906219e-02
3.531030e+14	1.785899e+00	1.896090e-02
3.536177e+14	1.786980e+00	1.871279e-02
3.539171e+14	1.787609e+00	1.856844e-02
3.543716e+14	1.788577e+00	1.832729e-02
3.547330e+14	1.789348e+00	1.813548e-02
3.551253e+14	1.790200e+00	1.791260e-02
3.555507e+14	1.791123e+00	1.767094e-02
3.558796e+14	1.791850e+00	1.747557e-02
3.563701e+14	1.792935e+00	1.718424e-02
3.566338e+14	1.793530e+00	1.702396e-02
3.571913e+14	1.794787e+00	1.668500e-02
3.573877e+14	1.795238e+00	1.656521e-02
3.580149e+14	1.796677e+00	1.618266e-02
3.581414e+14	1.796972e+00	1.610655e-02
3.588403e+14	1.798603e+00	1.568618e-02
3.588956e+14	1.798733e+00	1.565390e-02
3.596495e+14	1.800518e+00	1.521413e-02
3.596674e+14	1.800560e+00	1.520372e-02
3.604032e+14	1.802320e+00	1.479451e-02
3.604969e+14	1.802544e+00	1.474238e-02
3.611573e+14	1.804138e+00	1.439701e-02
3.612334e+14	1.804322e+00	1.435719e-02
3.613276e+14	1.804549e+00	1.430794e-02
3.619117e+14	1.805964e+00	1.402522e-02
3.621606e+14	1.806567e+00	1.390473e-02
3.626651e+14	1.807789e+00	1.368160e-02
3.629955e+14	1.808590e+00	1.353549e-02
3.634196e+14	1.809614e+00	1.336608e-02
3.638320e+14	1.810610e+00	1.320133e-02
3.641737e+14	1.811429e+00	1.307935e-02
3.646711e+14	1.812621e+00	1.290175e-02
3.649274e+14	1.813228e+00	1.282036e-02
3.653532e+14	1.814238e+00	1.268512e-02
3.655119e+14	1.814614e+00	1.263474e-02
3.656813e+14	1.815010e+00	1.258690e-02
3.663544e+14	1.816583e+00	1.239690e-02
3.664356e+14	1.816769e+00	1.237640e-02
3.671894e+14	1.818501e+00	1.218603e-02
3.671987e+14	1.818522e+00	1.218368e-02
3.679434e+14	1.820198e+00	1.201294e-02
3.680454e+14	1.820427e+00	1.198955e-02
3.686976e+14	1.821864e+00	1.185026e-02
3.688939e+14	1.822296e+00	1.180834e-02
3.694514e+14	1.823496e+00	1.169368e-02
3.697441e+14	1.824126e+00	1.163345e-02
3.702053e+14	1.825095e+00	1.153861e-02
3.705961e+14	1.825917e+00	1.145822e-02
3.709593e+14	1.826662e+00	1.138081e-02
3.714506e+14	1.827669e+00	1.127612e-02
3.717135e+14	1.828197e+00	1.121623e-02
3.723068e+14	1.829387e+00	1.108112e-02
3.724671e+14	1.829702e+00	1.104128e-02
3.731654e+14	1.831072e+00	1.086783e-02
3.732208e+14	1.831179e+00	1.085262e-02
3.739754e+14	1.832633e+00	1.064557e-02
3.740258e+14	1.832730e+00	1.063173e-02
3.747293e+14	1.834065e+00	1.041766e-02
3.748880e+14	1.834366e+00	1.036935e-02
3.754832e+14	1.835481e+00	1.016885e-02
3.757519e+14	1.835985e+00	1.007833e-02
3.762371e+14	1.836886e+00	9.898639e-03
3.766183e+14	1.837594e+00	9.757505e-03
3.769911e+14	1.838283e+00	9.606915e-03
3.774864e+14	1.839198e+00	9.406886e-03
3.777451e+14	1.839676e+00	9.294084e-03
3.783562e+14	1.840805e+00	9.027629e-03
3.784991e+14	1.841069e+00	8.961206e-03
3.792286e+14	1.842418e+00	8.621948e-03
3.792530e+14	1.842463e+00	8.609966e-03
3.800069e+14	1.843865e+00	8.239995e-03
3.800903e+14	1.844020e+00	8.199037e-03
3.801026e+14	1.844043e+00	8.192987e-03
3.807606e+14	1.845275e+00	7.856455e-03
3.809792e+14	1.845685e+00	7.744674e-03
3.815151e+14	1.846698e+00	7.462084e-03
3.818575e+14	1.847346e+00	7.281543e-03
3.822687e+14	1.848132e+00	7.060529e-03
3.827375e+14	1.849029e+00	6.808552e-03
3.830230e+14	1.849581e+00	6.654071e-03
3.836201e+14	1.850735e+00	6.330895e-03
3.837771e+14	1.851043e+00	6.246194e-03
3.845043e+14	1.852466e+00	5.853814e-03
3.845310e+14	1.852519e+00	5.839638e-03
3.852848e+14	1.854010e+00	5.438960e-03
3.853911e+14	1.854220e+00	5.382430e-03
3.860391e+14	1.855518e+00	5.046024e-03
3.862788e+14	1.855998e+00	4.921583e-03
3.867932e+14	1.857035e+00	4.664153e-03
3.871698e+14	1.857795e+00	4.475705e-03
3.875471e+14	1.858563e+00	4.295073e-03
3.880617e+14	1.859611e+00	4.048710e-03
3.883008e+14	1.860100e+00	3.940633e-03
3.889570e+14	1.861442e+00	3.643914e-03
3.890549e+14	1.861643e+00	3.602392e-03
3.898088e+14	1.863193e+00	3.282788e-03
3.898532e+14	1.863284e+00	3.263990e-03
3.905632e+14	1.864746e+00	2.985050e-03
3.907518e+14	1.865135e+00	2.910940e-03
3.913164e+14	1.866297e+00	2.707433e-03
3.916530e+14	1.866990e+00	2.586102e-03
3.920710e+14	1.867848e+00	2.449133e-03
3.925560e+14	1.868845e+00	2.290173e-03
3.928251e+14	1.869396e+00	2.210758e-03
3.934606e+14	1.870697e+00	2.023257e-03
3.935789e+14	1.870938e+00	1.992176e-03
3.943331e+14	1.872472e+00	1.794027e-03
3.943678e+14	1.872543e+00	1.784923e-03
3.950869e+14	1.873996e+00	1.618250e-03
3.952766e+14	1.874379e+00	1.574278e-03
3.958411e+14	1.875509e+00	1.460174e-03
3.961880e+14	1.876203e+00	1.390040e-03
3.965948e+14	1.877009e+00	1.319020e-03
3.971011e+14	1.878012e+00	1.230624e-03
3.973489e+14	1.878497e+00	1.193711e-03
3.980168e+14	1.879804e+00	1.094216e-03
3.981025e+14	1.879969e+00	1.083433e-03
3.988564e+14	1.881427e+00	9.886185e-04
3.989341e+14	1.881577e+00	9.788519e-04
3.996107e+14	1.882867e+00	9.079718e-04
3.998540e+14	1.883330e+00	8.824849e-04
4.003644e+14	1.884290e+00	8.384874e-04
4.007755e+14	1.885063e+00	8.030469e-04
4.011184e+14	1.885698e+00	7.791005e-04
4.016997e+14	1.886774e+00	7.385007e-04
4.018727e+14	1.887090e+00	7.288554e-04
4.026255e+14	1.888464e+00	6.868828e-04
4.026263e+14	1.888465e+00	6.868452e-04
4.033803e+14	1.889819e+00	6.539176e-04
4.035538e+14	1.890131e+00	6.463362e-04
4.038444e+14	1.890646e+00	6.365875e-04
4.041344e+14	1.891159e+00	6.268595e-04
4.044839e+14	1.891777e+00	6.151349e-04
4.048888e+14	1.892483e+00	6.049611e-04
4.054165e+14	1.893402e+00	5.917002e-04
4.056425e+14	1.893790e+00	5.875669e-04
4.063508e+14	1.895007e+00	5.746106e-04
4.063963e+14	1.895084e+00	5.740268e-04
4.071504e+14	1.896359e+00	5.643655e-04
4.072876e+14	1.896591e+00	5.626071e-04
4.079046e+14	1.897620e+00	5.573424e-04
4.082261e+14	1.898156e+00	5.545985e-04
4.086580e+14	1.898867e+00	5.523362e-04
4.091672e+14	1.899704e+00	5.496692e-04
4.094125e+14	1.900102e+00	5.490007e-04
4.101109e+14	1.901234e+00	5.470975e-04
4.101662e+14	1.901323e+00	5.470563e-04
4.109200e+14	1.902531e+00	5.464951e-04
4.110562e+14	1.902749e+00	5.463937e-04
4.116747e+14	1.903728e+00	5.470283e-04
4.120040e+14	1.904250e+00	5.473662e-04
4.124286e+14	1.904915e+00	5.486447e-04
4.129536e+14	1.905738e+00	5.502254e-04
4.131826e+14	1.906093e+00	5.515481e-04
4.139057e+14	1.907214e+00	5.557242e-04
4.139366e+14	1.907262e+00	5.560350e-04
4.146906e+14	1.908422e+00	5.636185e-04
4.148595e+14	1.908682e+00	5.653166e-04
4.154438e+14	1.909573e+00	5.750758e-04
4.158158e+14	1.910140e+00	5.812907e-04
4.161978e+14	1.910718e+00	5.914483e-04
4.167748e+14	1.911590e+00	6.067932e-04
4.169518e+14	1.911856e+00	6.139517e-04
4.177057e+14	1.912987e+00	6.444436e-04
4.177354e+14	1.913031e+00	6.456416e-04
4.184606e+14	1.914107e+00	6.879397e-04
4.186985e+14	1.914460e+00	7.018185e-04
4.192144e+14	1.915214e+00	7.428705e-04
4.196633e+14	1.915870e+00	7.785953e-04
4.199681e+14	1.916307e+00	8.097105e-04
4.206307e+14	1.917256e+00	8.773460e-04
4.207218e+14	1.917382e+00	8.885117e-04
4.214763e+14	1.918433e+00	9.810161e-04
4.216007e+14	1.918606e+00	9.962731e-04
4.222296e+14	1.919453e+00	1.082462e-03
4.225723e+14	1.919914e+00	1.129418e-03
4.229838e+14	1.920444e+00	1.187284e-03
4.235465e+14	1.921170e+00	1.266399e-03
4.235685e+14	1.921197e+00	1.269258e-03
4.237379e+14	1.921406e+00	1.291248e-03
4.244917e+14	1.922333e+00	1.389132e-03
4.245233e+14	1.922372e+00	1.393228e-03
4.252464e+14	1.923223e+00	1.467916e-03
4.255017e+14	1.923523e+00	1.494291e-03
4.259998e+14	1.924086e+00	1.525208e-03
4.264827e+14	1.924632e+00	1.555179e-03
4.267541e+14	1.924931e+00	1.558085e-03
4.274654e+14	1.925714e+00	1.565702e-03
4.275080e+14	1.925760e+00	1.563821e-03
4.282618e+14	1.926580e+00	1.530591e-03
4.284516e+14	1.926787e+00	1.522223e-03
4.290162e+14	1.927406e+00	1.468653e-03
4.294384e+14	1.927869e+00	1.428592e-03
4.297704e+14	1.928239e+00	1.383940e-03
4.304289e+14	1.928975e+00	1.295355e-03
4.305242e+14	1.929084e+00	1.280178e-03
4.312778e+14	1.929950e+00	1.160246e-03
4.314209e+14	1.930114e+00	1.137466e-03
4.320320e+14	1.930837e+00	1.035310e-03
4.324155e+14	1.931290e+00	9.711910e-04
4.327859e+14	1.931738e+00	9.117431e-04
4.334128e+14	1.932498e+00	8.111035e-04
4.335394e+14	1.932654e+00	7.929569e-04
4.342935e+14	1.933584e+00	6.848586e-04
4.344117e+14	1.933729e+00	6.679298e-04
4.350473e+14	1.934520e+00	5.915746e-04
4.354131e+14	1.934975e+00	5.476356e-04
4.358017e+14	1.935459e+00	5.104749e-04
4.364162e+14	1.936225e+00	4.517107e-04
4.365556e+14	1.936397e+00	4.415359e-04
4.373102e+14	1.937331e+00	3.864939e-04
4.374228e+14	1.937470e+00	3.782768e-04
4.380633e+14	1.938255e+00	3.434916e-04
4.384311e+14	1.938706e+00	3.235133e-04
4.388179e+14	1.939173e+00	3.079971e-04
4.394420e+14	1.939928e+00	2.829663e-04
4.395721e+14	1.940083e+00	2.790477e-04
4.403258e+14	1.940982e+00	2.563545e-04
4.404544e+14	1.941136e+00	2.524821e-04
4.410800e+14	1.941871e+00	2.378413e-04
4.414705e+14	1.942329e+00	2.287030e-04
4.418338e+14	1.942750e+00	2.217418e-04
4.424882e+14	1.943509e+00	2.091988e-04
4.425880e+14	1.943623e+00	2.075521e-04
4.433416e+14	1.944486e+00	1.951093e-04
4.435075e+14	1.944676e+00	1.923710e-04
4.440958e+14	1.945341e+00	1.836786e-04
4.445304e+14	1.945832e+00	1.772564e-04
4.448493e+14	1.946189e+00	1.729187e-04
4.455549e+14	1.946977e+00	1.633221e-04
4.456033e+14	1.947031e+00	1.627077e-04
4.463578e+14	1.947865e+00	1.531410e-04
4.465820e+14	1.948113e+00	1.502982e-04
4.471116e+14	1.948692e+00	1.440037e-04
4.476117e+14	1.949238e+00	1.380606e-04
4.478659e+14	1.949514e+00	1.352256e-04
4.486195e+14	1.950330e+00	1.268202e-04
4.486430e+14	1.950355e+00	1.265582e-04
4.493735e+14	1.951138e+00	1.189448e-04
4.496780e+14	1.951464e+00	1.157718e-04
4.501279e+14	1.951941e+00	1.113969e-04
4.507145e+14	1.952564e+00	1.056934e-04
4.508816e+14	1.952739e+00	1.041855e-04
4.516357e+14	1.953532e+00	9.738113e-05
4.517536e+14	1.953655e+00	9.631651e-05
4.523890e+14	1.954317e+00	9.101468e-05
4.527943e+14	1.954739e+00	8.763219e-05
4.531437e+14	1.955099e+00	8.495420e-05
4.538387e+14	1.955815e+00	7.962768e-05
4.538977e+14	1.955875e+00	7.921348e-05
4.546510e+14	1.956644e+00	7.392670e-05
4.548847e+14	1.956883e+00	7.228639e-05
4.554056e+14	1.957410e+00	6.895870e-05
4.559332e+14	1.957943e+00	6.558816e-05
4.561594e+14	1.958170e+00	6.428025e-05
4.569135e+14	1.958925e+00	5.991972e-05
4.569844e+14	1.958996e+00	5.950978e-05
4.576668e+14	1.959673e+00	5.595861e-05
4.580382e+14	1.960041e+00	5.402556e-05
4.584214e+14	1.960418e+00	5.223991e-05
4.590936e+14	1.961079e+00	4.910784e-05
4.591752e+14	1.961159e+00	4.876982e-05
4.599292e+14	1.961893e+00	4.564796e-05
4.601515e+14	1.962110e+00	4.472754e-05
4.606835e+14	1.962623e+00	4.278510e-05
4.612121e+14	1.963133e+00	4.085465e-05
4.614368e+14	1.963348e+00	4.013703e-05
4.621915e+14	1.964069e+00	3.772660e-05
4.622754e+14	1.964149e+00	3.745870e-05
4.629452e+14	1.964783e+00	3.560501e-05
4.633412e+14	1.965158e+00	3.450913e-05
4.636991e+14	1.965494e+00	3.366055e-05
4.644098e+14	1.966160e+00	3.197574e-05
4.644532e+14	1.966200e+00	3.188850e-05
4.652075e+14	1.966902e+00	3.037521e-05
4.654797e+14	1.967155e+00	2.982895e-05
4.659607e+14	1.967597e+00	2.902769e-05
4.665535e+14	1.968143e+00	2.804013e-05
4.667153e+14	1.968290e+00	2.782079e-05
4.674688e+14	1.968978e+00	2.679886e-05
4.676288e+14	1.969124e+00	2.658181e-05
4.682235e+14	1.969662e+00	2.594512e-05
4.687067e+14	1.970099e+00	2.542786e-05
4.689773e+14	1.970341e+00	2.520898e-05
4.697311e+14	1.971016e+00	2.459914e-05
4.697873e+14	1.971066e+00	2.455368e-05
4.704849e+14	1.971685e+00	2.415601e-05
4.708704e+14	1.972027e+00	2.393628e-05
4.712389e+14	1.972351e+00	2.380668e-05
4.719563e+14	1.972982e+00	2.355436e-05
4.719929e+14	1.973014e+00	2.354876e-05
4.727470e+14	1.973672e+00	2.343362e-05
4.730436e+14	1.973930e+00	2.338834e-05
4.735010e+14	1.974325e+00	2.340178e-05
4.741347e+14	1.974872e+00	2.342039e-05
4.742552e+14	1.974975e+00	2.344400e-05
4.750093e+14	1.975621e+00	2.359173e-05
4.752272e+14	1.975808e+00	2.363442e-05
4.757622e+14	1.976262e+00	2.382081e-05
4.763224e+14	1.976737e+00	2.401601e-05
4.765163e+14	1.976900e+00	2.411073e-05
4.772704e+14	1.977534e+00	2.447916e-05
4.774203e+14	1.977660e+00	2.455239e-05
4.780245e+14	1.978164e+00	2.492568e-05
4.785208e+14	1.978577e+00	2.523235e-05
4.787785e+14	1.978790e+00	2.542245e-05
4.795324e+14	1.979413e+00	2.597866e-05
4.796239e+14	1.979488e+00	2.604617e-05
4.802863e+14	1.980030e+00	2.660885e-05
4.807073e+14	1.980375e+00	2.696650e-05
4.807297e+14	1.980393e+00	2.698553e-05
4.810401e+14	1.980645e+00	2.728176e-05
4.817950e+14	1.981258e+00	2.800228e-05
4.818381e+14	1.981292e+00	2.804342e-05
4.825486e+14	1.981864e+00	2.879200e-05
4.829492e+14	1.982186e+00	2.921404e-05
4.833021e+14	1.982467e+00	2.961967e-05
4.840567e+14	1.983070e+00	3.048700e-05
4.840617e+14	1.983073e+00	3.049271e-05
4.848112e+14	1.983666e+00	3.142125e-05
4.851781e+14	1.983955e+00	3.187577e-05
4.855643e+14	1.984258e+00	3.238816e-05
4.862971e+14	1.984832e+00	3.336047e-05
4.863184e+14	1.984848e+00	3.339063e-05
4.870724e+14	1.985434e+00	3.445689e-05
4.874175e+14	1.985702e+00	3.494491e-05
4.878262e+14	1.986017e+00	3.555672e-05
4.885418e+14	1.986568e+00	3.662796e-05
4.885811e+14	1.986598e+00	3.669007e-05
4.893345e+14	1.987173e+00	3.788217e-05
4.896675e+14	1.987428e+00	3.840914e-05
4.900889e+14	1.987747e+00	3.911106e-05
4.907959e+14	1.988282e+00	4.028858e-05
4.908419e+14	1.988317e+00	4.036897e-05
4.915959e+14	1.988882e+00	4.168637e-05
4.919282e+14	1.989131e+00	4.226694e-05
4.923509e+14	1.989446e+00	4.304199e-05
4.930618e+14	1.989975e+00	4.434537e-05
4.931044e+14	1.990006e+00	4.442703e-05
4.938589e+14	1.990563e+00	4.587455e-05
4.941981e+14	1.990814e+00	4.652539e-05
4.946118e+14	1.991116e+00	4.735479e-05
4.953370e+14	1.991647e+00	4.880894e-05
4.953657e+14	1.991668e+00	4.886881e-05
4.961206e+14	1.992215e+00	5.044698e-05
4.964799e+14	1.992476e+00	5.119823e-05
4.968739e+14	1.992759e+00	5.205806e-05
4.976242e+14	1.993299e+00	5.369580e-05
4.976281e+14	1.993302e+00	5.370476e-05
4.983820e+14	1.993840e+00	5.541953e-05
4.987711e+14	1.994118e+00	5.630438e-05
4.991356e+14	1.994376e+00	5.716773e-05
4.998901e+14	1.994910e+00	5.895474e-05
4.999206e+14	1.994931e+00	5.902696e-05
5.006442e+14	1.995439e+00	6.081051e-05
5.010728e+14	1.995740e+00	6.186671e-05
5.013980e+14	1.995966e+00	6.269939e-05
5.021527e+14	1.996491e+00	6.463170e-05
5.022289e+14	1.996544e+00	6.482696e-05
5.029056e+14	1.997011e+00	6.663005e-05
5.033864e+14	1.997343e+00	6.791123e-05
5.036608e+14	1.997531e+00	6.867092e-05
5.044142e+14	1.998047e+00	7.075687e-05
5.045465e+14	1.998138e+00	7.112321e-05
5.051685e+14	1.998561e+00	7.291182e-05
5.057093e+14	1.998928e+00	7.446682e-05
5.059224e+14	1.999072e+00	7.510230e-05
5.066758e+14	1.999579e+00	7.734899e-05
5.068761e+14	1.999714e+00	7.794626e-05
5.074301e+14	2.000084e+00	7.966312e-05
5.080442e+14	2.000495e+00	8.156618e-05
5.081839e+14	2.000587e+00	8.201558e-05
5.089385e+14	2.001088e+00	8.444303e-05
5.092149e+14	2.001272e+00	8.533196e-05
5.096927e+14	2.001586e+00	8.692555e-05
5.103896e+14	2.002044e+00	8.925010e-05
5.104463e+14	2.002081e+00	8.944664e-05
5.111994e+14	2.002573e+00	9.205861e-05
5.115656e+14	2.002812e+00	9.332896e-05
5.119533e+14	2.003064e+00	9.472704e-05
5.127080e+14	2.003553e+00	9.744908e-05
5.127443e+14	2.003577e+00	9.757986e-05
5.134622e+14	2.004038e+00	1.002743e-04
5.139270e+14	2.004337e+00	1.020188e-04
5.142158e+14	2.004521e+00	1.031531e-04
5.149702e+14	2.005003e+00	1.061160e-04
5.151109e+14	2.005093e+00	1.066687e-04
5.157240e+14	2.005482e+00	1.091945e-04
5.162989e+14	2.005846e+00	1.115632e-04
5.164771e+14	2.005958e+00	1.123399e-04
5.172325e+14	2.006433e+00	1.156312e-04
5.174895e+14	2.006595e+00	1.167511e-04
5.179858e+14	2.006906e+00	1.190627e-04
5.186814e+14	2.007341e+00	1.223025e-04
5.187399e+14	2.007377e+00	1.225968e-04
5.194933e+14	2.007845e+00	1.263856e-04
5.198773e+14	2.008084e+00	1.283165e-04
5.202475e+14	2.008312e+00	1.303593e-04
5.210010e+14	2.008777e+00	1.345170e-04
5.210759e+14	2.008824e+00	1.349303e-04
5.217552e+14	2.009241e+00	1.391143e-04
5.222771e+14	2.009561e+00	1.423285e-04
5.225102e+14	2.009703e+00	1.439596e-04
5.232630e+14	2.010163e+00	1.492276e-04
5.234810e+14	2.010296e+00	1.507530e-04
5.240180e+14	2.010622e+00	1.550957e-04
5.246875e+14	2.011029e+00	1.605102e-04
5.247722e+14	2.011080e+00	1.613125e-04
5.255257e+14	2.011535e+00	1.684479e-04
5.258981e+14	2.011760e+00	1.719747e-04
5.262799e+14	2.011990e+00	1.762627e-04
5.270333e+14	2.012443e+00	1.847251e-04
5.271099e+14	2.012489e+00	1.855859e-04
5.277874e+14	2.012895e+00	1.946386e-04
5.283258e+14	2.013218e+00	2.018342e-04
5.285421e+14	2.013348e+00	2.052821e-04
5.292961e+14	2.013799e+00	2.173007e-04
5.295429e+14	2.013947e+00	2.212355e-04
5.300492e+14	2.014250e+00	2.307938e-04
5.307641e+14	2.014677e+00	2.442907e-04
5.308030e+14	2.014700e+00	2.451537e-04
5.315574e+14	2.015153e+00	2.619079e-04
5.319879e+14	2.015411e+00	2.714698e-04
5.323109e+14	2.015608e+00	2.802034e-04
5.330651e+14	2.016069e+00	3.005959e-04
5.332129e+14	2.016159e+00	3.045917e-04
5.338199e+14	2.016548e+00	3.350159e-04
5.344435e+14	2.016948e+00	3.662688e-04
5.345739e+14	2.017034e+00	3.874171e-04
5.353269e+14	2.017533e+00	5.095903e-04
5.356753e+14	2.017765e+00	5.661131e-04
5.360820e+14	2.017958e+00	6.914268e-04
5.368347e+14	2.018315e+00	9.233121e-04
5.369097e+14	2.018351e+00	9.463951e-04
5.375895e+14	2.018485e+00	1.012060e-03
5.381467e+14	2.018595e+00	1.065869e-03
5.383434e+14	2.018667e+00	1.022543e-03
5.390978e+14	2.018942e+00	8.563927e-04
5.393879e+14	2.019048e+00	7.925214e-04
5.398513e+14	2.019333e+00	7.270203e-04
5.406053e+14	2.019797e+00	6.204501e-04
5.406317e+14	2.019814e+00	6.167246e-04
5.413599e+14	2.020265e+00	6.161742e-04
5.418781e+14	2.020586e+00	6.157824e-04
5.421135e+14	2.020722e+00	6.233766e-04
5.428676e+14	2.021158e+00	6.477122e-04
5.431272e+14	2.021308e+00	6.560916e-04
5.436206e+14	2.021590e+00	6.751765e-04
5.443758e+14	2.022023e+00	7.043858e-04
5.443789e+14	2.022025e+00	7.045074e-04
5.451299e+14	2.022468e+00	7.534037e-04
5.456333e+14	2.022765e+00	7.861791e-04
5.458829e+14	2.022915e+00	8.210895e-04
5.466365e+14	2.023365e+00	9.264560e-04
5.468918e+14	2.023518e+00	9.621605e-04
5.473905e+14	2.023781e+00	1.087816e-03
5.481450e+14	2.024179e+00	1.277934e-03
5.481530e+14	2.024183e+00	1.279942e-03
5.488984e+14	2.024435e+00	1.501131e-03
5.494152e+14	2.024609e+00	1.654468e-03
5.496523e+14	2.024641e+00	1.690273e-03
5.504066e+14	2.024744e+00	1.804184e-03
5.506832e+14	2.024781e+00	1.845949e-03
5.511614e+14	2.024840e+00	1.787143e-03
5.519151e+14	2.024934e+00	1.694469e-03
5.519523e+14	2.024938e+00	1.689898e-03
5.526692e+14	2.025178e+00	1.476990e-03
5.532239e+14	2.025363e+00	1.312245e-03
5.534237e+14	2.025481e+00	1.264944e-03
5.541770e+14	2.025922e+00	1.086588e-03
5.544998e+14	2.026111e+00	1.010167e-03
5.549308e+14	2.026407e+00	1.011234e-03
5.556850e+14	2.026926e+00	1.013102e-03
5.557783e+14	2.026990e+00	1.013333e-03
5.564395e+14	2.027335e+00	1.170823e-03
5.570595e+14	2.027658e+00	1.318492e-03
5.571929e+14	2.027685e+00	1.343382e-03
5.579466e+14	2.027833e+00	1.484035e-03
5.583432e+14	2.027912e+00	1.558053e-03
5.587007e+14	2.027953e+00	1.504472e-03
5.594552e+14	2.028040e+00	1.391379e-03
5.596296e+14	2.028060e+00	1.365238e-03
5.602084e+14	2.028273e+00	1.170375e-03
5.609202e+14	2.028535e+00	9.307247e-04
5.609620e+14	2.028559e+00	9.212033e-04
5.617176e+14	2.028998e+00	7.488119e-04
5.622135e+14	2.029285e+00	6.356665e-04
5.624702e+14	2.029438e+00	6.153037e-04
5.632248e+14	2.029888e+00	5.554388e-04
5.635093e+14	2.030058e+00	5.328644e-04
5.639780e+14	2.030314e+00	5.247102e-04
5.647333e+14	2.030727e+00	5.115704e-04
5.648078e+14	2.030767e+00	5.102751e-04
5.654872e+14	2.031114e+00	5.083784e-04
5.661105e+14	2.031432e+00	5.066386e-04
5.662415e+14	2.031496e+00	5.068029e-04
5.669943e+14	2.031865e+00	5.077471e-04
5.674159e+14	2.032072e+00	5.082758e-04
5.677492e+14	2.032231e+00	5.095215e-04
5.685026e+14	2.032591e+00	5.123377e-04
5.687239e+14	2.032696e+00	5.131648e-04
5.692563e+14	2.032946e+00	5.161987e-04
5.700103e+14	2.033298e+00	5.204949e-04
5.700344e+14	2.033310e+00	5.206324e-04
5.707645e+14	2.033645e+00	5.259075e-04
5.713493e+14	2.033913e+00	5.301323e-04
5.715191e+14	2.033990e+00	5.315595e-04
5.722721e+14	2.034331e+00	5.378903e-04
5.726650e+14	2.034509e+00	5.411936e-04
5.730271e+14	2.034670e+00	5.445501e-04
5.737807e+14	2.035006e+00	5.515348e-04
5.739851e+14	2.035097e+00	5.534296e-04
5.745344e+14	2.035338e+00	5.588667e-04
5.752884e+14	2.035669e+00	5.663292e-04
5.753095e+14	2.035679e+00	5.665377e-04
5.760427e+14	2.035997e+00	5.741462e-04
5.766348e+14	2.036254e+00	5.802909e-04
5.767971e+14	2.036324e+00	5.820290e-04
5.775500e+14	2.036647e+00	5.900896e-04
5.779643e+14	2.036825e+00	5.945262e-04
5.783048e+14	2.036969e+00	5.982587e-04
5.790581e+14	2.037289e+00	6.065167e-04
5.792965e+14	2.037390e+00	6.091311e-04
5.798115e+14	2.037606e+00	6.148721e-04
5.805669e+14	2.037922e+00	6.232936e-04
5.806331e+14	2.037950e+00	6.240313e-04
5.813207e+14	2.038236e+00	6.318204e-04
5.819704e+14	2.038506e+00	6.391801e-04
5.820746e+14	2.038549e+00	6.403742e-04
5.828287e+14	2.038858e+00	6.490131e-04
5.833121e+14	2.039057e+00	6.545504e-04
5.835830e+14	2.039167e+00	6.576894e-04
5.843356e+14	2.039474e+00	6.664103e-04
5.846564e+14	2.039604e+00	6.701276e-04
5.850901e+14	2.039779e+00	6.752020e-04
5.858448e+14	2.040083e+00	6.840310e-04
5.860051e+14	2.040147e+00	6.859061e-04
5.865977e+14	2.040384e+00	6.929149e-04
5.873526e+14	2.040685e+00	7.018421e-04
5.873563e+14	2.040687e+00	7.018853e-04
5.881058e+14	2.040983e+00	7.108449e-04
5.887101e+14	2.041222e+00	7.180686e-04
5.888609e+14	2.041281e+00	7.198912e-04
5.896143e+14	2.041577e+00	7.289959e-04
5.900665e+14	2.041754e+00	7.344609e-04
5.903677e+14	2.041871e+00	7.381374e-04
5.911212e+14	2.042163e+00	7.473338e-04
5.914273e+14	2.042282e+00	7.510688e-04
5.918767e+14	2.042455e+00	7.566168e-04
5.926303e+14	2.042745e+00	7.659204e-04
5.927906e+14	2.042807e+00	7.678991e-04
5.933840e+14	2.043033e+00	7.753107e-04
5.941378e+14	2.043321e+00	7.847247e-04
5.941565e+14	2.043328e+00	7.849586e-04
5.948916e+14	2.043605e+00	7.942359e-04
5.955268e+14	2.043845e+00	8.022537e-04
5.956454e+14	2.043890e+00	8.037680e-04
5.963992e+14	2.044172e+00	8.133969e-04
5.968997e+14	2.044360e+00	8.197895e-04
5.971531e+14	2.044454e+00	8.230652e-04
5.979070e+14	2.044734e+00	8.328107e-04
5.982751e+14	2.044870e+00	8.375699e-04
5.986628e+14	2.045013e+00	8.426338e-04
5.994167e+14	2.045290e+00	8.524824e-04
5.996550e+14	2.045378e+00	8.555964e-04
6.001705e+14	2.045566e+00	8.624099e-04
6.009244e+14	2.045840e+00	8.723735e-04
6.010374e+14	2.045882e+00	8.738677e-04
6.016782e+14	2.046113e+00	8.824325e-04
6.024224e+14	2.046382e+00	8.923793e-04
6.024320e+14	2.046386e+00	8.925092e-04
6.031858e+14	2.046655e+00	9.026774e-04
6.038118e+14	2.046879e+00	9.111225e-04
6.039395e+14	2.046925e+00	9.128619e-04
6.046932e+14	2.047192e+00	9.231284e-04
6.052038e+14	2.047373e+00	9.300840e-04
6.054468e+14	2.047459e+00	9.334227e-04
6.062023e+14	2.047725e+00	9.438033e-04
6.065983e+14	2.047864e+00	9.492447e-04
6.069557e+14	2.047988e+00	9.541850e-04
6.077091e+14	2.048251e+00	9.645974e-04
6.079972e+14	2.048351e+00	9.685798e-04
6.084643e+14	2.048512e+00	9.750716e-04
6.092175e+14	2.048772e+00	9.855393e-04
6.093987e+14	2.048835e+00	9.880576e-04
6.099726e+14	2.049031e+00	9.960610e-04
6.107256e+14	2.049289e+00	1.006562e-03
6.108027e+14	2.049316e+00	1.007639e-03
6.114804e+14	2.049545e+00	1.017087e-03
6.122113e+14	2.049793e+00	1.027277e-03
6.122331e+14	2.049800e+00	1.027581e-03
6.129877e+14	2.050053e+00	1.038084e-03
6.136223e+14	2.050267e+00	1.046917e-03
6.137422e+14	2.050306e+00	1.048575e-03
6.144965e+14	2.050557e+00	1.059008e-03
6.150378e+14	2.050737e+00	1.066495e-03
6.152486e+14	2.050807e+00	1.069389e-03
6.160026e+14	2.051055e+00	1.079743e-03
6.164538e+14	2.051204e+00	1.085940e-03
6.167584e+14	2.051304e+00	1.090057e-03
6.175121e+14	2.051549e+00	1.100245e-03
6.178764e+14	2.051668e+00	1.105171e-03
6.182655e+14	2.051794e+00	1.110347e-03
6.190188e+14	2.052038e+00	1.120366e-03
6.192995e+14	2.052129e+00	1.124100e-03
6.197739e+14	2.052281e+00	1.130259e-03
6.205268e+14	2.052522e+00	1.140032e-03
6.207270e+14	2.052587e+00	1.142631e-03
6.212815e+14	2.052763e+00	1.149613e-03
6.220360e+14	2.053002e+00	1.159113e-03
6.221592e+14	2.053041e+00	1.160664e-03
6.227902e+14	2.053240e+00	1.168330e-03
6.235443e+14	2.053477e+00	1.177489e-03
6.235938e+14	2.053493e+00	1.178090e-03
6.242981e+14	2.053712e+00	1.186280e-03
6.250309e+14	2.053941e+00	1.194801e-03
6.250516e+14	2.053948e+00	1.195030e-03
6.258049e+14	2.054181e+00	1.203342e-03
6.264704e+14	2.054387e+00	1.210687e-03
6.265600e+14	2.054414e+00	1.211614e-03
6.273127e+14	2.054646e+00	1.219409e-03
6.279146e+14	2.054830e+00	1.225641e-03
6.280673e+14	2.054877e+00	1.227109e-03
6.288216e+14	2.055106e+00	1.234359e-03
6.293633e+14	2.055271e+00	1.239566e-03
6.295756e+14	2.055335e+00	1.241441e-03
6.303293e+14	2.055563e+00	1.248097e-03
6.308145e+14	2.055710e+00	1.252382e-03
6.310827e+14	2.055791e+00	1.254532e-03
6.318379e+14	2.056018e+00	1.260585e-03
6.322681e+14	2.056147e+00	1.264033e-03
6.325906e+14	2.056244e+00	1.266349e-03
6.333452e+14	2.056469e+00	1.271767e-03
6.337263e+14	2.056583e+00	1.274503e-03
6.340126e+14	2.056668e+00	1.276332e-03
6.340994e+14	2.056694e+00	1.276886e-03
6.348533e+14	2.056918e+00	1.281702e-03
6.351870e+14	2.057018e+00	1.283834e-03
6.356068e+14	2.057142e+00	1.286218e-03
6.363600e+14	2.057366e+00	1.290495e-03
6.366502e+14	2.057452e+00	1.292143e-03
6.371150e+14	2.057590e+00	1.294521e-03
6.378696e+14	2.057813e+00	1.298383e-03
6.381179e+14	2.057886e+00	1.299653e-03
6.386238e+14	2.058036e+00	1.302082e-03
6.393776e+14	2.058258e+00	1.305701e-03
6.395902e+14	2.058321e+00	1.306722e-03
6.401311e+14	2.058481e+00	1.309348e-03
6.408841e+14	2.058704e+00	1.313004e-03
6.410629e+14	2.058757e+00	1.313871e-03
6.416390e+14	2.058928e+00	1.316966e-03
6.423934e+14	2.059151e+00	1.321019e-03
6.425423e+14	2.059195e+00	1.321819e-03
6.431474e+14	2.059375e+00	1.325777e-03
6.439009e+14	2.059599e+00	1.330707e-03
6.440219e+14	2.059635e+00	1.331499e-03
6.446541e+14	2.059823e+00	1.336844e-03
6.454090e+14	2.060048e+00	1.343227e-03
6.455084e+14	2.060078e+00	1.344068e-03
6.461634e+14	2.060274e+00	1.351479e-03
6.469174e+14	2.060499e+00	1.360011e-03
6.469951e+14	2.060523e+00	1.360890e-03
6.476709e+14	2.060725e+00	1.371128e-03
6.484240e+14	2.060951e+00	1.382535e-03
6.484865e+14	2.060970e+00	1.383481e-03
6.491788e+14	2.061178e+00	1.397337e-03
6.499331e+14	2.061404e+00	1.412434e-03
6.499824e+14	2.061419e+00	1.413420e-03
6.506870e+14	2.061630e+00	1.431661e-03
6.514403e+14	2.061856e+00	1.451166e-03
6.514808e+14	2.061868e+00	1.452215e-03
6.521954e+14	2.062081e+00	1.475506e-03
6.529477e+14	2.062305e+00	1.500027e-03
6.529816e+14	2.062315e+00	1.501133e-03
6.537018e+14	2.062528e+00	1.529773e-03
6.544576e+14	2.062751e+00	1.559831e-03
6.544871e+14	2.062760e+00	1.561006e-03
6.552106e+14	2.062970e+00	1.595046e-03
6.559653e+14	2.063189e+00	1.630557e-03
6.559972e+14	2.063198e+00	1.632061e-03
6.567195e+14	2.063404e+00	1.671145e-03
6.574731e+14	2.063619e+00	1.711928e-03
6.575075e+14	2.063628e+00	1.713789e-03
6.582261e+14	2.063827e+00	1.756963e-03
6.589809e+14	2.064036e+00	1.802306e-03
6.590247e+14	2.064048e+00	1.804936e-03
6.597351e+14	2.064239e+00	1.851081e-03
6.604887e+14	2.064441e+00	1.900031e-03
6.605443e+14	2.064456e+00	1.903640e-03
6.612418e+14	2.064637e+00	1.951351e-03
6.619965e+14	2.064832e+00	2.002980e-03
6.620663e+14	2.064851e+00	2.007752e-03
6.627506e+14	2.065022e+00	2.055976e-03
6.635042e+14	2.065211e+00	2.109072e-03
6.635929e+14	2.065233e+00	2.115326e-03
6.642594e+14	2.065395e+00	2.163206e-03
6.650117e+14	2.065577e+00	2.217248e-03
6.651219e+14	2.065604e+00	2.225171e-03
6.657656e+14	2.065755e+00	2.272239e-03
6.665213e+14	2.065933e+00	2.327495e-03
6.666557e+14	2.065965e+00	2.337321e-03
6.672740e+14	2.066106e+00	2.383957e-03
6.680284e+14	2.066279e+00	2.440855e-03
6.681918e+14	2.066316e+00	2.453180e-03
6.687821e+14	2.066447e+00	2.499907e-03
6.695351e+14	2.066614e+00	2.559515e-03
6.697326e+14	2.066658e+00	2.575144e-03
6.702898e+14	2.066777e+00	2.622249e-03
6.710439e+14	2.066937e+00	2.685984e-03
6.712757e+14	2.066986e+00	2.705577e-03
6.717972e+14	2.067091e+00	2.752650e-03
6.725523e+14	2.067242e+00	2.820798e-03
6.728236e+14	2.067297e+00	2.845282e-03
6.733066e+14	2.067386e+00	2.890985e-03
6.740603e+14	2.067525e+00	2.962286e-03
6.743738e+14	2.067583e+00	2.991946e-03
6.748132e+14	2.067655e+00	3.033603e-03
6.755677e+14	2.067779e+00	3.105140e-03
6.759287e+14	2.067838e+00	3.139360e-03
6.763216e+14	2.067895e+00	3.174359e-03
6.770771e+14	2.068004e+00	3.241663e-03
6.774884e+14	2.068063e+00	3.278299e-03
6.778295e+14	2.068106e+00	3.304781e-03
6.785835e+14	2.068201e+00	3.363326e-03
6.790504e+14	2.068260e+00	3.399580e-03
6.793392e+14	2.068293e+00	3.417873e-03
6.800916e+14	2.068379e+00	3.465540e-03
6.806147e+14	2.068439e+00	3.498673e-03
6.808458e+14	2.068464e+00	3.510599e-03
6.815991e+14	2.068546e+00	3.549478e-03
6.821838e+14	2.068609e+00	3.579650e-03
6.823542e+14	2.068627e+00	3.587819e-03
6.831084e+14	2.068707e+00	3.623981e-03
6.837551e+14	2.068775e+00	3.654989e-03
6.838618e+14	2.068785e+00	3.660642e-03
6.846169e+14	2.068857e+00	3.700662e-03
6.853312e+14	2.068924e+00	3.738525e-03
6.853686e+14	2.068927e+00	3.740748e-03
6.861245e+14	2.068978e+00	3.785688e-03
6.868771e+14	2.069028e+00	3.830430e-03
6.869121e+14	2.069031e+00	3.832513e-03
6.876313e+14	2.069046e+00	3.870146e-03
6.883847e+14	2.069062e+00	3.909568e-03
6.884953e+14	2.069064e+00	3.915357e-03
6.891397e+14	2.069043e+00	3.925276e-03
6.898939e+14	2.069017e+00	3.936885e-03
6.900833e+14	2.069011e+00	3.939801e-03
6.906471e+14	2.068968e+00	3.907167e-03
6.914021e+14	2.068911e+00	3.863474e-03
6.916735e+14	2.068891e+00	3.847763e-03
6.921561e+14	2.068852e+00	3.772057e-03
6.929092e+14	2.068792e+00	3.653904e-03
6.932686e+14	2.068763e+00	3.597531e-03
6.936640e+14	2.068750e+00	3.496294e-03
6.944179e+14	2.068724e+00	3.303297e-03
6.948658e+14	2.068709e+00	3.188608e-03
6.951708e+14	2.068726e+00	3.089564e-03
6.959254e+14	2.068768e+00	2.844494e-03
6.964679e+14	2.068798e+00	2.668283e-03
6.966790e+14	2.068833e+00	2.595580e-03
6.974343e+14	2.068958e+00	2.335438e-03
6.980748e+14	2.069063e+00	2.114809e-03
6.981886e+14	2.069094e+00	2.078911e-03
6.989420e+14	2.069293e+00	1.841196e-03
6.996840e+14	2.069489e+00	1.607066e-03
6.996944e+14	2.069493e+00	1.604429e-03
7.004484e+14	2.069744e+00	1.413050e-03
7.012040e+14	2.069996e+00	1.221258e-03
7.012953e+14	2.070027e+00	1.198083e-03
7.019587e+14	2.070269e+00	1.077724e-03
7.027123e+14	2.070543e+00	9.409785e-04
7.029115e+14	2.070616e+00	9.048439e-04
7.034650e+14	2.070818e+00	8.399728e-04
7.042193e+14	2.071093e+00	7.515717e-04
7.045325e+14	2.071207e+00	7.148619e-04
7.049725e+14	2.071359e+00	6.840116e-04
7.057274e+14	2.071622e+00	6.310885e-04
7.061557e+14	2.071770e+00	6.010607e-04
7.064813e+14	2.071875e+00	5.879317e-04
7.072341e+14	2.072118e+00	5.575712e-04
7.077838e+14	2.072296e+00	5.354015e-04
7.079885e+14	2.072357e+00	5.305043e-04
7.087445e+14	2.072583e+00	5.124176e-04
7.094167e+14	2.072784e+00	4.963364e-04
7.094968e+14	2.072807e+00	4.950623e-04
7.102507e+14	2.073018e+00	4.830721e-04
7.110062e+14	2.073230e+00	4.710564e-04
7.110518e+14	2.073243e+00	4.703312e-04
7.117579e+14	2.073430e+00	4.616434e-04
7.125139e+14	2.073631e+00	4.523419e-04
7.126917e+14	2.073678e+00	4.501543e-04
7.132662e+14	2.073824e+00	4.439588e-04
7.140200e+14	2.074016e+00	4.358283e-04
7.143339e+14	2.074096e+00	4.324429e-04
7.147754e+14	2.074204e+00	4.279845e-04
7.155297e+14	2.074389e+00	4.203679e-04
7.159808e+14	2.074500e+00	4.158123e-04
7.162828e+14	2.074572e+00	4.128707e-04
7.170376e+14	2.074753e+00	4.055194e-04
7.176300e+14	2.074894e+00	3.997495e-04
7.177912e+14	2.074932e+00	3.982247e-04
7.185464e+14	2.075108e+00	3.910825e-04
7.192867e+14	2.075280e+00	3.840810e-04
7.192977e+14	2.075282e+00	3.839794e-04
7.200533e+14	2.075455e+00	3.769859e-04
7.208078e+14	2.075627e+00	3.700032e-04
7.209429e+14	2.075658e+00	3.687529e-04
7.215611e+14	2.075797e+00	3.631790e-04
7.223159e+14	2.075966e+00	3.563728e-04
7.226067e+14	2.076031e+00	3.537513e-04
7.230696e+14	2.076133e+00	3.496732e-04
7.238220e+14	2.076298e+00	3.430443e-04
7.242726e+14	2.076398e+00	3.390751e-04
7.245760e+14	2.076464e+00	3.364649e-04
7.253316e+14	2.076628e+00	3.299657e-04
7.259406e+14	2.076760e+00	3.247278e-04
7.260860e+14	2.076791e+00	3.235097e-04
7.268392e+14	2.076952e+00	3.172008e-04
7.275939e+14	2.077114e+00	3.108788e-04
7.276135e+14	2.077118e+00	3.107141e-04
7.283473e+14	2.077273e+00	3.047335e-04
7.290995e+14	2.077432e+00	2.986029e-04
7.292913e+14	2.077473e+00	2.970395e-04
7.298561e+14	2.077590e+00	2.925656e-04
7.306086e+14	2.077747e+00	2.866044e-04
7.309741e+14	2.077823e+00	2.837091e-04
7.313627e+14	2.077903e+00	2.807154e-04
7.321154e+14	2.078059e+00	2.749155e-04
7.326589e+14	2.078171e+00	2.707279e-04
7.328697e+14	2.078214e+00	2.691499e-04
7.336256e+14	2.078368e+00	2.634918e-04
7.343458e+14	2.078515e+00	2.581003e-04
7.343773e+14	2.078521e+00	2.578724e-04
7.351334e+14	2.078674e+00	2.523980e-04
7.358853e+14	2.078825e+00	2.469538e-04
7.360405e+14	2.078857e+00	2.458304e-04
7.366417e+14	2.078977e+00	2.416108e-04
7.373938e+14	2.079127e+00	2.363318e-04
7.377373e+14	2.079195e+00	2.339213e-04
7.381475e+14	2.079276e+00	2.311332e-04
7.389027e+14	2.079426e+00	2.260005e-04
7.394361e+14	2.079531e+00	2.223758e-04
7.396566e+14	2.079575e+00	2.209311e-04
7.404120e+14	2.079722e+00	2.159825e-04
7.411427e+14	2.079865e+00	2.111956e-04
7.411660e+14	2.079870e+00	2.110480e-04
7.419186e+14	2.080016e+00	2.062847e-04
7.426728e+14	2.080162e+00	2.015118e-04
7.428514e+14	2.080196e+00	2.003819e-04
7.434256e+14	2.080307e+00	1.968751e-04
7.441799e+14	2.080452e+00	1.922686e-04
7.445620e+14	2.080525e+00	1.899349e-04
7.449357e+14	2.080596e+00	1.877392e-04
7.456872e+14	2.080740e+00	1.833237e-04
7.462777e+14	2.080852e+00	1.798543e-04
7.464432e+14	2.080883e+00	1.789199e-04
7.471977e+14	2.081026e+00	1.746594e-04
7.479508e+14	2.081168e+00	1.704070e-04
7.479983e+14	2.081177e+00	1.701388e-04
7.487054e+14	2.081309e+00	1.663063e-04
7.494585e+14	2.081449e+00	1.622244e-04
7.497238e+14	2.081499e+00	1.607864e-04
7.502132e+14	2.081590e+00	1.582393e-04
7.509664e+14	2.081729e+00	1.543189e-04
7.514513e+14	2.081819e+00	1.517944e-04
7.517211e+14	2.081869e+00	1.504501e-04
7.524743e+14	2.082007e+00	1.466960e-04
7.531839e+14	2.082138e+00	1.431593e-04
7.532290e+14	2.082146e+00	1.429441e-04
7.539822e+14	2.082283e+00	1.393537e-04
7.547370e+14	2.082420e+00	1.357560e-04
7.549214e+14	2.082454e+00	1.348771e-04
7.554902e+14	2.082557e+00	1.322824e-04
7.562449e+14	2.082693e+00	1.288399e-04
7.566608e+14	2.082768e+00	1.269429e-04
7.569981e+14	2.082829e+00	1.254750e-04
7.577528e+14	2.082964e+00	1.221907e-04
7.584053e+14	2.083081e+00	1.193514e-04
7.585060e+14	2.083099e+00	1.189337e-04
7.592606e+14	2.083233e+00	1.158043e-04
7.600137e+14	2.083366e+00	1.126813e-04
7.601547e+14	2.083391e+00	1.120966e-04
7.607683e+14	2.083500e+00	1.096706e-04
7.615213e+14	2.083632e+00	1.066934e-04
7.619061e+14	2.083700e+00	1.051721e-04
7.622758e+14	2.083765e+00	1.037825e-04
7.630287e+14	2.083896e+00	1.009528e-04
7.636624e+14	2.084007e+00	9.857103e-05
7.637831e+14	2.084028e+00	9.814040e-05
7.645390e+14	2.084159e+00	9.544316e-05
7.652933e+14	2.084290e+00	9.275167e-05
7.654238e+14	2.084312e+00	9.228593e-05
7.660459e+14	2.084419e+00	9.017711e-05
7.668001e+14	2.084549e+00	8.762085e-05
7.671871e+14	2.084615e+00	8.630908e-05
7.675526e+14	2.084678e+00	8.513570e-05
7.683065e+14	2.084806e+00	8.271520e-05
7.689553e+14	2.084917e+00	8.063239e-05
7.690620e+14	2.084935e+00	8.030846e-05
7.698158e+14	2.085062e+00	7.801940e-05
7.705711e+14	2.085190e+00	7.572583e-05
7.707286e+14	2.085217e+00	7.524744e-05
7.713247e+14	2.085317e+00	7.353432e-05
7.720766e+14	2.085443e+00	7.137327e-05
7.725038e+14	2.085515e+00	7.014560e-05
7.728332e+14	2.085569e+00	6.925391e-05
7.735849e+14	2.085694e+00	6.721904e-05
7.742871e+14	2.085811e+00	6.531798e-05
7.743412e+14	2.085820e+00	6.517954e-05
7.750927e+14	2.085944e+00	6.325566e-05
7.758488e+14	2.086069e+00	6.131986e-05
7.760692e+14	2.086106e+00	6.075556e-05
7.766031e+14	2.086193e+00	5.947111e-05
7.773558e+14	2.086316e+00	5.766066e-05
7.778594e+14	2.086398e+00	5.644917e-05
7.781099e+14	2.086439e+00	5.588179e-05
7.788622e+14	2.086561e+00	5.417749e-05
7.796192e+14	2.086684e+00	5.246257e-05
7.796515e+14	2.086690e+00	5.238952e-05
7.803713e+14	2.086806e+00	5.085863e-05
7.811248e+14	2.086927e+00	4.925607e-05
7.814486e+14	2.086979e+00	4.856732e-05
7.818797e+14	2.087048e+00	4.770754e-05
7.826329e+14	2.087168e+00	4.620550e-05
7.832508e+14	2.087267e+00	4.497322e-05
7.833875e+14	2.087289e+00	4.471787e-05
7.841403e+14	2.087408e+00	4.331186e-05
7.848945e+14	2.087527e+00	4.190315e-05
7.850580e+14	2.087553e+00	4.159788e-05
7.856502e+14	2.087646e+00	4.056141e-05
7.864041e+14	2.087765e+00	3.924208e-05
7.868670e+14	2.087838e+00	3.843202e-05
7.871561e+14	2.087883e+00	3.795931e-05
7.879129e+14	2.088001e+00	3.672216e-05
7.886645e+14	2.088118e+00	3.549341e-05
7.886810e+14	2.088121e+00	3.546644e-05
7.894209e+14	2.088235e+00	3.433804e-05
7.901721e+14	2.088351e+00	3.319236e-05
7.905002e+14	2.088402e+00	3.269202e-05
7.909281e+14	2.088468e+00	3.208287e-05
7.916821e+14	2.088584e+00	3.100936e-05
7.923211e+14	2.088682e+00	3.009977e-05
7.924343e+14	2.088699e+00	2.994974e-05
7.931879e+14	2.088814e+00	2.895140e-05
7.939430e+14	2.088929e+00	2.795115e-05
7.941470e+14	2.088960e+00	2.768085e-05
7.946961e+14	2.089043e+00	2.700484e-05
7.954507e+14	2.089157e+00	2.607587e-05
7.959780e+14	2.089237e+00	2.542660e-05
7.962067e+14	2.089271e+00	2.516536e-05
7.969607e+14	2.089384e+00	2.430371e-05
7.977129e+14	2.089497e+00	2.344429e-05
7.978141e+14	2.089512e+00	2.332855e-05
7.984664e+14	2.089609e+00	2.263643e-05
7.992214e+14	2.089722e+00	2.183532e-05
7.996520e+14	2.089786e+00	2.137841e-05
7.999744e+14	2.089833e+00	2.106171e-05
8.007288e+14	2.089945e+00	2.032064e-05
8.014846e+14	2.090056e+00	1.957817e-05
8.014949e+14	2.090058e+00	1.956813e-05
8.022385e+14	2.090167e+00	1.889280e-05
8.029903e+14	2.090277e+00	1.821001e-05
8.033428e+14	2.090328e+00	1.788990e-05
8.037436e+14	2.090387e+00	1.755385e-05
8.044983e+14	2.090496e+00	1.692107e-05
8.051959e+14	2.090597e+00	1.633613e-05
8.052544e+14	2.090606e+00	1.629084e-05
8.060085e+14	2.090715e+00	1.570676e-05
8.067605e+14	2.090823e+00	1.512425e-05
8.070507e+14	2.090865e+00	1.489951e-05
8.075140e+14	2.090931e+00	1.456907e-05
8.082688e+14	2.091039e+00	1.403067e-05
8.089105e+14	2.091131e+00	1.357298e-05
8.090216e+14	2.091147e+00	1.350011e-05
8.097758e+14	2.091254e+00	1.300542e-05
8.105314e+14	2.091361e+00	1.250980e-05
8.107754e+14	2.091396e+00	1.234973e-05
8.112849e+14	2.091467e+00	1.204283e-05
8.120398e+14	2.091574e+00	1.158808e-05
8.126455e+14	2.091659e+00	1.122325e-05
8.127927e+14	2.091680e+00	1.114194e-05
8.135469e+14	2.091785e+00	1.072525e-05
8.143025e+14	2.091890e+00	1.030780e-05
8.145207e+14	2.091921e+00	1.018727e-05
8.150560e+14	2.091995e+00	9.915875e-06
8.158074e+14	2.092099e+00	9.534965e-06
8.163975e+14	2.092181e+00	9.235825e-06
8.165637e+14	2.092204e+00	9.158749e-06
8.173178e+14	2.092308e+00	8.809055e-06
8.180698e+14	2.092411e+00	8.460361e-06
8.182794e+14	2.092440e+00	8.363204e-06
8.188232e+14	2.092514e+00	8.132861e-06
8.195780e+14	2.092617e+00	7.813186e-06
8.201664e+14	2.092698e+00	7.563974e-06
8.203341e+14	2.092720e+00	7.499039e-06
8.210881e+14	2.092823e+00	7.207198e-06
8.218399e+14	2.092925e+00	6.916207e-06
8.220550e+14	2.092954e+00	6.832969e-06
8.225931e+14	2.093026e+00	6.643600e-06
8.233476e+14	2.093127e+00	6.378067e-06
8.239523e+14	2.093209e+00	6.165290e-06
8.241036e+14	2.093229e+00	6.116766e-06
8.248573e+14	2.093329e+00	5.875038e-06
8.256087e+14	2.093430e+00	5.634027e-06
8.258511e+14	2.093462e+00	5.556300e-06
8.263652e+14	2.093530e+00	5.406523e-06
8.271194e+14	2.093630e+00	5.186794e-06
8.277551e+14	2.093714e+00	5.001615e-06
8.278714e+14	2.093729e+00	4.970813e-06
8.286248e+14	2.093829e+00	4.771352e-06
8.293795e+14	2.093928e+00	4.571527e-06
8.296606e+14	2.093965e+00	4.497104e-06
8.301356e+14	2.094027e+00	4.383401e-06
8.308894e+14	2.094125e+00	4.202958e-06
8.315748e+14	2.094214e+00	4.038874e-06
8.316409e+14	2.094223e+00	4.024548e-06
8.323974e+14	2.094321e+00	3.860424e-06
8.331516e+14	2.094418e+00	3.696800e-06
8.334906e+14	2.094462e+00	3.623273e-06
8.339036e+14	2.094515e+00	3.542348e-06
8.346568e+14	2.094612e+00	3.394743e-06
8.354115e+14	2.094709e+00	3.246871e-06
8.361675e+14	2.094806e+00	3.113256e-06
8.369211e+14	2.094902e+00	2.980055e-06
8.373375e+14	2.094955e+00	2.906462e-06
8.376724e+14	2.094997e+00	2.853152e-06
8.384288e+14	2.095093e+00	2.732751e-06
8.391828e+14	2.095188e+00	2.612728e-06
8.392687e+14	2.095199e+00	2.599048e-06
8.399344e+14	2.095282e+00	2.503749e-06
8.406911e+14	2.095377e+00	2.395418e-06
8.412051e+14	2.095442e+00	2.321834e-06
8.414454e+14	2.095472e+00	2.290876e-06
8.421974e+14	2.095566e+00	2.194020e-06
8.429506e+14	2.095660e+00	2.096990e-06
8.431429e+14	2.095684e+00	2.072219e-06
8.437052e+14	2.095753e+00	2.007266e-06
8.444612e+14	2.095847e+00	1.919944e-06
8.450859e+14	2.095924e+00	1.847786e-06
8.452147e+14	2.095940e+00	1.834461e-06
8.459696e+14	2.096033e+00	1.756385e-06
8.467220e+14	2.096125e+00	1.678563e-06
8.470340e+14	2.096163e+00	1.646294e-06
8.474758e+14	2.096217e+00	1.605443e-06
8.482309e+14	2.096309e+00	1.535617e-06
8.489835e+14	2.096401e+00	1.466020e-06
8.489873e+14	2.096401e+00	1.465667e-06
8.497375e+14	2.096492e+00	1.403741e-06
8.504928e+14	2.096583e+00	1.341388e-06
8.509458e+14	2.096638e+00	1.303987e-06
8.512456e+14	2.096674e+00	1.281887e-06
8.519997e+14	2.096765e+00	1.226284e-06
8.527552e+14	2.096856e+00	1.170583e-06
8.529056e+14	2.096874e+00	1.159488e-06
8.535081e+14	2.096946e+00	1.119952e-06
8.542624e+14	2.097036e+00	1.070455e-06
8.548707e+14	2.097108e+00	1.030539e-06
8.550141e+14	2.097125e+00	1.022189e-06
8.557711e+14	2.097214e+00	9.781334e-07
8.565255e+14	2.097304e+00	9.342267e-07
8.568447e+14	2.097341e+00	9.156449e-07
8.572773e+14	2.097392e+00	8.932631e-07
8.580304e+14	2.097481e+00	8.542933e-07
8.587849e+14	2.097569e+00	8.152549e-07
8.588201e+14	2.097573e+00	8.134327e-07
8.595407e+14	2.097657e+00	7.803365e-07
8.602939e+14	2.097745e+00	7.457420e-07
8.607968e+14	2.097804e+00	7.226453e-07
8.610484e+14	2.097833e+00	7.124421e-07
8.618004e+14	2.097920e+00	6.819566e-07
8.625575e+14	2.098008e+00	6.512576e-07
8.627826e+14	2.098034e+00	6.421335e-07
8.633081e+14	2.098094e+00	6.232793e-07
8.640640e+14	2.098181e+00	5.961627e-07
8.647696e+14	2.098262e+00	5.708489e-07
8.648172e+14	2.098268e+00	5.693460e-07
8.655717e+14	2.098354e+00	5.455282e-07
8.663236e+14	2.098440e+00	5.217945e-07
8.667658e+14	2.098490e+00	5.078364e-07
8.670808e+14	2.098526e+00	4.990673e-07
8.678353e+14	2.098611e+00	4.780622e-07
8.685871e+14	2.098696e+00	4.571319e-07
8.687632e+14	2.098716e+00	4.522280e-07
8.693402e+14	2.098781e+00	4.381131e-07
8.700946e+14	2.098866e+00	4.196571e-07
8.707659e+14	2.098941e+00	4.032357e-07
8.708504e+14	2.098951e+00	4.014227e-07
8.716034e+14	2.099035e+00	3.852625e-07
8.723577e+14	2.099119e+00	3.690743e-07
8.727737e+14	2.099165e+00	3.601458e-07
8.731133e+14	2.099203e+00	3.537637e-07
8.738662e+14	2.099286e+00	3.396143e-07
8.746204e+14	2.099370e+00	3.254405e-07
8.747868e+14	2.099388e+00	3.223129e-07
8.753718e+14	2.099453e+00	3.126825e-07
8.761286e+14	2.099536e+00	3.002242e-07
8.768010e+14	2.099610e+00	2.891544e-07
8.768826e+14	2.099619e+00	2.879849e-07
8.776338e+14	2.099701e+00	2.772154e-07
8.783904e+14	2.099784e+00	2.663687e-07
8.788245e+14	2.099831e+00	2.601454e-07
8.791442e+14	2.099866e+00	2.561454e-07
8.798952e+14	2.099947e+00	2.467492e-07
8.806516e+14	2.100029e+00	2.372855e-07
8.808492e+14	2.100051e+00	2.348140e-07
8.814052e+14	2.100111e+00	2.287662e-07
8.821601e+14	2.100192e+00	2.205559e-07
8.828790e+14	2.100269e+00	2.127363e-07
8.829121e+14	2.100273e+00	2.124241e-07
8.836654e+14	2.100354e+00	2.053156e-07
8.844200e+14	2.100434e+00	1.981950e-07
8.849141e+14	2.100487e+00	1.935326e-07
8.851759e+14	2.100515e+00	1.913937e-07
8.859290e+14	2.100595e+00	1.852415e-07
8.866833e+14	2.100675e+00	1.790789e-07
8.869544e+14	2.100704e+00	1.768632e-07
8.874388e+14	2.100755e+00	1.734442e-07
8.881915e+14	2.100834e+00	1.681314e-07
8.889455e+14	2.100913e+00	1.628096e-07
8.890000e+14	2.100919e+00	1.624249e-07
8.897007e+14	2.100992e+00	1.581526e-07
8.904531e+14	2.101071e+00	1.535659e-07
8.910466e+14	2.101133e+00	1.499474e-07
8.912067e+14	2.101150e+00	1.491098e-07
8.919616e+14	2.101228e+00	1.451602e-07
8.927135e+14	2.101307e+00	1.412261e-07
8.931026e+14	2.101347e+00	1.391902e-07
8.934709e+14	2.101385e+00	1.375339e-07
8.942212e+14	2.101462e+00	1.341602e-07
8.949769e+14	2.101540e+00	1.307616e-07
8.951597e+14	2.101559e+00	1.299398e-07
8.957297e+14	2.101618e+00	1.277517e-07
8.964837e+14	2.101695e+00	1.248572e-07
8.972262e+14	2.101771e+00	1.220070e-07
8.972390e+14	2.101772e+00	1.219650e-07
8.979913e+14	2.101849e+00	1.194970e-07
8.987449e+14	2.101925e+00	1.170249e-07
8.992937e+14	2.101981e+00	1.152244e-07
8.994997e+14	2.102002e+00	1.146500e-07
9.002558e+14	2.102078e+00	1.125414e-07
9.010089e+14	2.102154e+00	1.104414e-07
9.013665e+14	2.102190e+00	1.094441e-07
9.017632e+14	2.102230e+00	1.085071e-07
9.025188e+14	2.102306e+00	1.067224e-07
9.032713e+14	2.102381e+00	1.049450e-07
9.034445e+14	2.102399e+00	1.045359e-07
9.040251e+14	2.102457e+00	1.033791e-07
9.047801e+14	2.102532e+00	1.018747e-07
9.055277e+14	2.102606e+00	1.003852e-07
9.055321e+14	2.102607e+00	1.003779e-07
9.062853e+14	2.102681e+00	9.911778e-08
9.070398e+14	2.102756e+00	9.785559e-08
9.076163e+14	2.102813e+00	9.689111e-08
9.077955e+14	2.102830e+00	9.664018e-08
9.085481e+14	2.102904e+00	9.558640e-08
9.093019e+14	2.102978e+00	9.453087e-08
9.097057e+14	2.103018e+00	9.396556e-08
9.100570e+14	2.103052e+00	9.355809e-08
9.108090e+14	2.103126e+00	9.268605e-08
9.110769e+14	2.103152e+00	9.237529e-08
9.115666e+14	2.103199e+00	9.180746e-08
9.118047e+14	2.103223e+00	9.153132e-08
9.123166e+14	2.103272e+00	9.104123e-08
9.130723e+14	2.103345e+00	9.031777e-08
9.138248e+14	2.103418e+00	8.959734e-08
9.139046e+14	2.103426e+00	8.952099e-08
9.145786e+14	2.103491e+00	8.899536e-08
9.153336e+14	2.103563e+00	8.840656e-08
9.160141e+14	2.103629e+00	8.787581e-08
9.160898e+14	2.103636e+00	8.782807e-08
9.168429e+14	2.103708e+00	8.735309e-08
9.175971e+14	2.103780e+00	8.687733e-08
9.181245e+14	2.103830e+00	8.654468e-08
9.183482e+14	2.103852e+00	8.643247e-08
9.191050e+14	2.103923e+00	8.605279e-08
9.198585e+14	2.103995e+00	8.567474e-08
9.202402e+14	2.104031e+00	8.548323e-08
9.206132e+14	2.104066e+00	8.533721e-08
9.213647e+14	2.104137e+00	8.504304e-08
9.221220e+14	2.104208e+00	8.474663e-08
9.223611e+14	2.104231e+00	8.465301e-08
9.228759e+14	2.104279e+00	8.449993e-08
9.236266e+14	2.104349e+00	8.427671e-08
9.243830e+14	2.104420e+00	8.405178e-08
9.244873e+14	2.104430e+00	8.402077e-08
9.251361e+14	2.104490e+00	8.387983e-08
9.258905e+14	2.104560e+00	8.371598e-08
9.266187e+14	2.104627e+00	8.355780e-08
9.266460e+14	2.104630e+00	8.355372e-08
9.273983e+14	2.104699e+00	8.344162e-08
9.281518e+14	2.104769e+00	8.332933e-08
9.287554e+14	2.104824e+00	8.323936e-08
9.289065e+14	2.104838e+00	8.322560e-08
9.296578e+14	2.104907e+00	8.315714e-08
9.304150e+14	2.104976e+00	8.308816e-08
9.308974e+14	2.105021e+00	8.304420e-08
9.311688e+14	2.105045e+00	8.303279e-08
9.319238e+14	2.105114e+00	8.300102e-08
9.326754e+14	2.105183e+00	8.296940e-08
9.330401e+14	2.105216e+00	8.295406e-08
9.334282e+14	2.105251e+00	8.295393e-08
9.341823e+14	2.105319e+00	8.295367e-08
9.349375e+14	2.105387e+00	8.295341e-08
9.351926e+14	2.105410e+00	8.295332e-08
9.356940e+14	2.105455e+00	8.297081e-08
9.364471e+14	2.105522e+00	8.299709e-08
9.372014e+14	2.105590e+00	8.302341e-08
9.373505e+14	2.105603e+00	8.302861e-08
9.379522e+14	2.105657e+00	8.306762e-08
9.387089e+14	2.105725e+00	8.311667e-08
9.394621e+14	2.105792e+00	8.316551e-08
9.395089e+14	2.105796e+00	8.316854e-08
9.402166e+14	2.105858e+00	8.323214e-08
9.409675e+14	2.105925e+00	8.329963e-08
9.416774e+14	2.105988e+00	8.336342e-08
9.417244e+14	2.105992e+00	8.336866e-08
9.424778e+14	2.106058e+00	8.345257e-08
9.432324e+14	2.106124e+00	8.353661e-08
9.438464e+14	2.106178e+00	8.360500e-08
9.439834e+14	2.106190e+00	8.362273e-08
9.447404e+14	2.106256e+00	8.372067e-08
9.454939e+14	2.106322e+00	8.381815e-08
9.460206e+14	2.106368e+00	8.388630e-08
9.462486e+14	2.106388e+00	8.391918e-08
9.469997e+14	2.106453e+00	8.402754e-08
9.477568e+14	2.106518e+00	8.413676e-08
9.482050e+14	2.106557e+00	8.420141e-08
9.485103e+14	2.106584e+00	8.424948e-08
9.492650e+14	2.106649e+00	8.436828e-08
9.500162e+14	2.106713e+00	8.448652e-08
9.503898e+14	2.106745e+00	8.454534e-08
9.507733e+14	2.106778e+00	8.460987e-08
9.515268e+14	2.106843e+00	8.473668e-08
9.522815e+14	2.106907e+00	8.486368e-08
9.525799e+14	2.106933e+00	8.491389e-08
9.530326e+14	2.106971e+00	8.499425e-08
9.537897e+14	2.107036e+00	8.512862e-08
9.545432e+14	2.107100e+00	8.526235e-08
9.547753e+14	2.107119e+00	8.530355e-08
9.552979e+14	2.107163e+00	8.540038e-08
9.560489e+14	2.107227e+00	8.553955e-08
9.568011e+14	2.107290e+00	8.567893e-08
9.569760e+14	2.107305e+00	8.571133e-08
9.575594e+14	2.107354e+00	8.582332e-08
9.583091e+14	2.107417e+00	8.596723e-08
9.590648e+14	2.107480e+00	8.611230e-08
9.591819e+14	2.107490e+00	8.613479e-08
9.598218e+14	2.107543e+00	8.626125e-08
9.605750e+14	2.107606e+00	8.641013e-08
9.613295e+14	2.107668e+00	8.655924e-08
9.613932e+14	2.107674e+00	8.657184e-08
9.620802e+14	2.107730e+00	8.671098e-08
9.628370e+14	2.107793e+00	8.686426e-08
9.635901e+14	2.107855e+00	8.701679e-08
9.636098e+14	2.107857e+00	8.702078e-08
9.643443e+14	2.107917e+00	8.717265e-08
9.650948e+14	2.107979e+00	8.732783e-08
9.658316e+14	2.108039e+00	8.748017e-08
9.658514e+14	2.108041e+00	8.748434e-08
9.666042e+14	2.108102e+00	8.764277e-08
9.673583e+14	2.108164e+00	8.780144e-08
9.680587e+14	2.108221e+00	8.794885e-08
9.681134e+14	2.108225e+00	8.796054e-08
9.688648e+14	2.108286e+00	8.812108e-08
9.696224e+14	2.108347e+00	8.828294e-08
9.702912e+14	2.108401e+00	8.842585e-08
9.703761e+14	2.108408e+00	8.844427e-08
9.711310e+14	2.108469e+00	8.860809e-08
9.718821e+14	2.108530e+00	8.877107e-08
9.725239e+14	2.108581e+00	8.891035e-08
9.726393e+14	2.108591e+00	8.893564e-08
9.733927e+14	2.108651e+00	8.910068e-08
9.741473e+14	2.108711e+00	8.926598e-08
9.747670e+14	2.108760e+00	8.940172e-08
9.748980e+14	2.108771e+00	8.943073e-08
9.756549e+14	2.108831e+00	8.959829e-08
9.764080e+14	2.108891e+00	8.976498e-08
9.770153e+14	2.108939e+00	8.989942e-08
9.771622e+14	2.108950e+00	8.993224e-08
9.779125e+14	2.109009e+00	9.009990e-08
9.786690e+14	2.109069e+00	9.026895e-08
9.792689e+14	2.109116e+00	9.040302e-08
9.794216e+14	2.109128e+00	9.043750e-08
9.801753e+14	2.109187e+00	9.060778e-08
9.809303e+14	2.109247e+00	9.077832e-08
9.815228e+14	2.109293e+00	9.091217e-08
9.816863e+14	2.109306e+00	9.094933e-08
9.824385e+14	2.109364e+00	9.112021e-08
9.831918e+14	2.109423e+00	9.129136e-08
9.837870e+14	2.109469e+00	9.142660e-08
9.839462e+14	2.109481e+00	9.146303e-08
9.847018e+14	2.109540e+00	9.163599e-08
9.854534e+14	2.109598e+00	9.180802e-08
9.860566e+14	2.109644e+00	9.194608e-08
9.862113e+14	2.109656e+00	9.198184e-08
9.869653e+14	2.109714e+00	9.215602e-08
9.877151e+14	2.109772e+00	9.232927e-08
9.883263e+14	2.109819e+00	9.247045e-08
9.884714e+14	2.109830e+00	9.250412e-08
9.892236e+14	2.109887e+00	9.267867e-08
9.899769e+14	2.109944e+00	9.285349e-08
9.906064e+14	2.109992e+00	9.299957e-08
9.907314e+14	2.110002e+00	9.302875e-08
9.914870e+14	2.110059e+00	9.320523e-08
9.922386e+14	2.110116e+00	9.338076e-08
9.928919e+14	2.110165e+00	9.353334e-08
9.929965e+14	2.110173e+00	9.355798e-08
9.937503e+14	2.110230e+00	9.373555e-08
9.945001e+14	2.110286e+00	9.391215e-08
9.951774e+14	2.110337e+00	9.407169e-08
9.952562e+14	2.110343e+00	9.409032e-08
9.960083e+14	2.110399e+00	9.426813e-08
9.967667e+14	2.110456e+00	9.444745e-08
9.974735e+14	2.110509e+00	9.461456e-08
9.975210e+14	2.110512e+00	9.462586e-08
9.982712e+14	2.110568e+00	9.480428e-08
9.990278e+14	2.110624e+00	9.498423e-08
9.997749e+14	2.110680e+00	9.516192e-08
9.997802e+14	2.110680e+00	9.516319e-08
1.000534e+15	2.110736e+00	9.534389e-08
1.001288e+15	2.110791e+00	9.552485e-08
1.002044e+15	2.110847e+00	9.570609e-08
1.002076e+15	2.110849e+00	9.571376e-08
1.002796e+15	2.110902e+00	9.588692e-08
1.003549e+15	2.110957e+00	9.606805e-08
1.004303e+15	2.111012e+00	9.624945e-08
1.004388e+15	2.111019e+00	9.627005e-08
1.005058e+15	2.111067e+00	9.643242e-08
1.005814e+15	2.111123e+00	9.661583e-08
1.006566e+15	2.111177e+00	9.679822e-08
1.006700e+15	2.111187e+00	9.683081e-08
1.007319e+15	2.111232e+00	9.698138e-08
1.008073e+15	2.111286e+00	9.716492e-08
1.008828e+15	2.111341e+00	9.734874e-08
1.009023e+15	2.111355e+00	9.739605e-08
1.009585e+15	2.111395e+00	9.753360e-08
1.010337e+15	2.111449e+00	9.771769e-08
1.011090e+15	2.111503e+00	9.790205e-08
1.011351e+15	2.111522e+00	9.796577e-08
1.011845e+15	2.111557e+00	9.808765e-08
1.012600e+15	2.111611e+00	9.827403e-08
1.013352e+15	2.111665e+00	9.845935e-08
1.013679e+15	2.111688e+00	9.854001e-08
1.014104e+15	2.111718e+00	9.864529e-08
1.014857e+15	2.111772e+00	9.883177e-08
1.015612e+15	2.111825e+00	9.901853e-08
1.016017e+15	2.111854e+00	9.911879e-08
1.016368e+15	2.111879e+00	9.920605e-08
1.017125e+15	2.111932e+00	9.939442e-08
1.017877e+15	2.111985e+00	9.958169e-08
1.018361e+15	2.112019e+00	9.970214e-08
1.018631e+15	2.112038e+00	9.976963e-08
1.019385e+15	2.112090e+00	9.995851e-08
1.020136e+15	2.112143e+00	1.001463e-07
1.020710e+15	2.112183e+00	1.002901e-07
1.020893e+15	2.112196e+00	1.003361e-07
1.021645e+15	2.112248e+00	1.005260e-07
1.022399e+15	2.112301e+00	1.007161e-07
1.023059e+15	2.112346e+00	1.008827e-07
1.023153e+15	2.112353e+00	1.009066e-07
1.023909e+15	2.112405e+00	1.010979e-07
1.024661e+15	2.112457e+00	1.012880e-07
1.025413e+15	2.112509e+00	1.014785e-07
1.025419e+15	2.112509e+00	1.014799e-07
1.026172e+15	2.112561e+00	1.016717e-07
1.026922e+15	2.112612e+00	1.018624e-07
1.027677e+15	2.112664e+00	1.020548e-07
1.027784e+15	2.112671e+00	1.020819e-07
1.028434e+15	2.112716e+00	1.022484e-07
1.029187e+15	2.112767e+00	1.024410e-07
1.029940e+15	2.112818e+00	1.026339e-07
1.030154e+15	2.112833e+00	1.026886e-07
1.030695e+15	2.112870e+00	1.028281e-07
1.031445e+15	2.112920e+00	1.030217e-07
1.032202e+15	2.112972e+00	1.032170e-07
1.032524e+15	2.112994e+00	1.033001e-07
1.032954e+15	2.113023e+00	1.034114e-07
1.033708e+15	2.113073e+00	1.036065e-07
1.034462e+15	2.113124e+00	1.038018e-07
1.034905e+15	2.113154e+00	1.039165e-07
1.035218e+15	2.113175e+00	1.039979e-07
1.035969e+15	2.113225e+00	1.041934e-07
1.036727e+15	2.113275e+00	1.043907e-07
1.037291e+15	2.113313e+00	1.045377e-07
1.037480e+15	2.113326e+00	1.045870e-07
1.038234e+15	2.113376e+00	1.047845e-07
1.038990e+15	2.113426e+00	1.049823e-07
1.039683e+15	2.113472e+00	1.051639e-07
1.039740e+15	2.113476e+00	1.051790e-07
1.040498e+15	2.113526e+00	1.053785e-07
1.041251e+15	2.113575e+00	1.055767e-07
1.042005e+15	2.113625e+00	1.057753e-07
1.042080e+15	2.113630e+00	1.057950e-07
1.042760e+15	2.113674e+00	1.059752e-07
1.043510e+15	2.113724e+00	1.061739e-07
1.044268e+15	2.113773e+00	1.063744e-07
1.044482e+15	2.113787e+00	1.064311e-07
1.045020e+15	2.113822e+00	1.065746e-07
1.045774e+15	2.113871e+00	1.067753e-07
1.046529e+15	2.113921e+00	1.069764e-07
1.046889e+15	2.113944e+00	1.070724e-07
1.047279e+15	2.113969e+00	1.071768e-07
1.048036e+15	2.114018e+00	1.073795e-07
1.048788e+15	2.114067e+00	1.075810e-07
1.049302e+15	2.114100e+00	1.077187e-07
1.049542e+15	2.114116e+00	1.077832e-07
1.050296e+15	2.114164e+00	1.079865e-07
1.051051e+15	2.114213e+00	1.081900e-07
1.051720e+15	2.114256e+00	1.083702e-07
1.051808e+15	2.114261e+00	1.083940e-07
1.052560e+15	2.114309e+00	1.085972e-07
1.053313e+15	2.114357e+00	1.088007e-07
1.054067e+15	2.114405e+00	1.090045e-07
1.054149e+15	2.114410e+00	1.090268e-07
1.054822e+15	2.114453e+00	1.092101e-07
1.055578e+15	2.114501e+00	1.094162e-07
1.056329e+15	2.114549e+00	1.096210e-07
1.056578e+15	2.114565e+00	1.096888e-07
1.057081e+15	2.114596e+00	1.098269e-07
1.057835e+15	2.114644e+00	1.100334e-07
1.058589e+15	2.114692e+00	1.102403e-07
1.059011e+15	2.114718e+00	1.103560e-07
1.059345e+15	2.114739e+00	1.104477e-07
1.060101e+15	2.114786e+00	1.106559e-07
1.060853e+15	2.114833e+00	1.108627e-07
1.061456e+15	2.114871e+00	1.110286e-07
1.061606e+15	2.114880e+00	1.110701e-07
1.062360e+15	2.114927e+00	1.112792e-07
1.063115e+15	2.114974e+00	1.114886e-07
1.063871e+15	2.115022e+00	1.116983e-07
1.063901e+15	2.115023e+00	1.117066e-07
1.064622e+15	2.115068e+00	1.119073e-07
1.065374e+15	2.115114e+00	1.121167e-07
1.066133e+15	2.115161e+00	1.123280e-07
1.066356e+15	2.115175e+00	1.123901e-07
1.066888e+15	2.115208e+00	1.125392e-07
1.067637e+15	2.115254e+00	1.127495e-07
1.068393e+15	2.115300e+00	1.129618e-07
1.068811e+15	2.115326e+00	1.130791e-07
1.069145e+15	2.115347e+00	1.131730e-07
1.069903e+15	2.115393e+00	1.133866e-07
1.070657e+15	2.115439e+00	1.135989e-07
1.071277e+15	2.115477e+00	1.137736e-07
1.071411e+15	2.115485e+00	1.138117e-07
1.072161e+15	2.115530e+00	1.140246e-07
1.072918e+15	2.115576e+00	1.142395e-07
1.073669e+15	2.115622e+00	1.144530e-07
1.073743e+15	2.115626e+00	1.144738e-07
1.074422e+15	2.115667e+00	1.146674e-07
1.075176e+15	2.115713e+00	1.148822e-07
1.075931e+15	2.115758e+00	1.150974e-07
1.076220e+15	2.115776e+00	1.151796e-07
1.076687e+15	2.115804e+00	1.153136e-07
1.077438e+15	2.115849e+00	1.155288e-07
1.078196e+15	2.115894e+00	1.157462e-07
1.078702e+15	2.115924e+00	1.158912e-07
1.078949e+15	2.115939e+00	1.159624e-07
1.079703e+15	2.115984e+00	1.161799e-07
1.080458e+15	2.116029e+00	1.163976e-07
1.081189e+15	2.116072e+00	1.166085e-07
1.081208e+15	2.116073e+00	1.166139e-07
1.081965e+15	2.116118e+00	1.168336e-07
1.082717e+15	2.116163e+00	1.170518e-07
1.083470e+15	2.116207e+00	1.172703e-07
1.083681e+15	2.116220e+00	1.173317e-07
1.084224e+15	2.116252e+00	1.174900e-07
1.084979e+15	2.116296e+00	1.177104e-07
1.085735e+15	2.116341e+00	1.179311e-07
1.086179e+15	2.116367e+00	1.180608e-07
1.086486e+15	2.116385e+00	1.181509e-07
1.087244e+15	2.116429e+00	1.183735e-07
1.087997e+15	2.116473e+00	1.185947e-07
1.088682e+15	2.116513e+00	1.187958e-07
1.088752e+15	2.116517e+00	1.188162e-07
1.089507e+15	2.116561e+00	1.190393e-07
1.090257e+15	2.116604e+00	1.192609e-07
1.091014e+15	2.116648e+00	1.194846e-07
1.091191e+15	2.116659e+00	1.195368e-07
1.091766e+15	2.116692e+00	1.197073e-07
1.092519e+15	2.116735e+00	1.199306e-07
1.093273e+15	2.116778e+00	1.201541e-07
1.093711e+15	2.116804e+00	1.202839e-07
1.094028e+15	2.116822e+00	1.203788e-07
1.094784e+15	2.116865e+00	1.206049e-07
1.095535e+15	2.116908e+00	1.208294e-07
1.096229e+15	2.116948e+00	1.210371e-07
1.096293e+15	2.116952e+00	1.210563e-07
1.097046e+15	2.116995e+00	1.212828e-07
1.097800e+15	2.117038e+00	1.215096e-07
1.098555e+15	2.117081e+00	1.217368e-07
1.098754e+15	2.117092e+00	1.217965e-07
1.099305e+15	2.117123e+00	1.219629e-07
1.100062e+15	2.117166e+00	1.221915e-07
1.100813e+15	2.117209e+00	1.224184e-07
1.101289e+15	2.117235e+00	1.225621e-07
1.101566e+15	2.117251e+00	1.226462e-07
1.102320e+15	2.117293e+00	1.228752e-07
1.103074e+15	2.117336e+00	1.231045e-07
1.103830e+15	2.117378e+00	1.233341e-07
1.104587e+15	2.117421e+00	1.235660e-07
1.105338e+15	2.117463e+00	1.237962e-07
1.106091e+15	2.117505e+00	1.240268e-07
1.106370e+15	2.117521e+00	1.241124e-07
1.106844e+15	2.117547e+00	1.242582e-07
1.107599e+15	2.117589e+00	1.244903e-07
1.108354e+15	2.117631e+00	1.247226e-07
1.108921e+15	2.117662e+00	1.248971e-07
1.109111e+15	2.117673e+00	1.249556e-07
1.109862e+15	2.117714e+00	1.251881e-07
1.110614e+15	2.117756e+00	1.254208e-07
1.111367e+15	2.117797e+00	1.256538e-07
1.111478e+15	2.117803e+00	1.256883e-07
1.112121e+15	2.117839e+00	1.258884e-07
1.112876e+15	2.117880e+00	1.261235e-07
1.113632e+15	2.117922e+00	1.263590e-07
1.114040e+15	2.117944e+00	1.264861e-07
1.114389e+15	2.117963e+00	1.265954e-07
1.115141e+15	2.118004e+00	1.268309e-07
1.115893e+15	2.118045e+00	1.270667e-07
1.116607e+15	2.118084e+00	1.272904e-07
1.116647e+15	2.118086e+00	1.273029e-07
1.117401e+15	2.118127e+00	1.275402e-07
1.118157e+15	2.118168e+00	1.277779e-07
1.118907e+15	2.118208e+00	1.280137e-07
1.119186e+15	2.118224e+00	1.281015e-07
1.119665e+15	2.118249e+00	1.282534e-07
1.120417e+15	2.118290e+00	1.284920e-07
1.121170e+15	2.118330e+00	1.287309e-07
1.121764e+15	2.118362e+00	1.289193e-07
1.121924e+15	2.118371e+00	1.289705e-07
1.122679e+15	2.118412e+00	1.292115e-07
1.123435e+15	2.118452e+00	1.294529e-07
1.124186e+15	2.118492e+00	1.296925e-07
1.124346e+15	2.118501e+00	1.297439e-07
1.124944e+15	2.118533e+00	1.299353e-07
1.125696e+15	2.118573e+00	1.301764e-07
1.126450e+15	2.118613e+00	1.304179e-07
1.126941e+15	2.118639e+00	1.305754e-07
1.127204e+15	2.118653e+00	1.306602e-07
1.127959e+15	2.118693e+00	1.309038e-07
1.128709e+15	2.118732e+00	1.311456e-07
1.129467e+15	2.118772e+00	1.313898e-07
1.129541e+15	2.118776e+00	1.314138e-07
1.130218e+15	2.118812e+00	1.316336e-07
1.130971e+15	2.118851e+00	1.318779e-07
1.131725e+15	2.118891e+00	1.321225e-07
1.132146e+15	2.118913e+00	1.322593e-07
1.132480e+15	2.118930e+00	1.323684e-07
1.133235e+15	2.118970e+00	1.326159e-07
1.133992e+15	2.119010e+00	1.328637e-07
1.134743e+15	2.119049e+00	1.331096e-07
1.134750e+15	2.119049e+00	1.331118e-07
1.135495e+15	2.119088e+00	1.333567e-07
1.136248e+15	2.119127e+00	1.336042e-07
1.137009e+15	2.119167e+00	1.338543e-07
1.137365e+15	2.119185e+00	1.339715e-07
1.137757e+15	2.119205e+00	1.341006e-07
1.138513e+15	2.119244e+00	1.343500e-07
1.139270e+15	2.119283e+00	1.345998e-07
1.139993e+15	2.119320e+00	1.348384e-07
1.140021e+15	2.119322e+00	1.348476e-07
1.140773e+15	2.119360e+00	1.350980e-07
1.141533e+15	2.119399e+00	1.353510e-07
1.142280e+15	2.119438e+00	1.355997e-07
1.142619e+15	2.119455e+00	1.357126e-07
1.143035e+15	2.119476e+00	1.358519e-07
1.143791e+15	2.119515e+00	1.361053e-07
1.144548e+15	2.119554e+00	1.363589e-07
1.145250e+15	2.119589e+00	1.365942e-07
1.145299e+15	2.119592e+00	1.366106e-07
1.146051e+15	2.119630e+00	1.368635e-07
1.146804e+15	2.119668e+00	1.371168e-07
1.147558e+15	2.119706e+00	1.373704e-07
1.147893e+15	2.119723e+00	1.374832e-07
1.148313e+15	2.119744e+00	1.376253e-07
1.149069e+15	2.119782e+00	1.378812e-07
1.149826e+15	2.119820e+00	1.381374e-07
1.150542e+15	2.119856e+00	1.383798e-07
1.150577e+15	2.119858e+00	1.383918e-07
1.151329e+15	2.119896e+00	1.386487e-07
1.152082e+15	2.119934e+00	1.389059e-07
1.152836e+15	2.119971e+00	1.391634e-07
1.153188e+15	2.119989e+00	1.392839e-07
1.153591e+15	2.120009e+00	1.394219e-07
1.154347e+15	2.120047e+00	1.396811e-07
1.155103e+15	2.120084e+00	1.399406e-07
1.155847e+15	2.120121e+00	1.401957e-07
1.155854e+15	2.120122e+00	1.401981e-07
1.156606e+15	2.120159e+00	1.404576e-07
1.157366e+15	2.120196e+00	1.407199e-07
1.158120e+15	2.120234e+00	1.409801e-07
1.158511e+15	2.120253e+00	1.411152e-07
1.158867e+15	2.120271e+00	1.412386e-07
1.159623e+15	2.120308e+00	1.415005e-07
1.160380e+15	2.120345e+00	1.417627e-07
1.161130e+15	2.120382e+00	1.420227e-07
1.161187e+15	2.120384e+00	1.420426e-07
1.161889e+15	2.120419e+00	1.422879e-07
1.162641e+15	2.120456e+00	1.425510e-07
1.163395e+15	2.120492e+00	1.428145e-07
1.163862e+15	2.120515e+00	1.429778e-07
1.164149e+15	2.120529e+00	1.430790e-07
1.164905e+15	2.120566e+00	1.433449e-07
1.165654e+15	2.120602e+00	1.436087e-07
1.166411e+15	2.120639e+00	1.438753e-07
1.166541e+15	2.120645e+00	1.439210e-07
1.167162e+15	2.120675e+00	1.441405e-07
1.167922e+15	2.120712e+00	1.444089e-07
1.168675e+15	2.120748e+00	1.446750e-07
1.169233e+15	2.120775e+00	1.448723e-07
1.169429e+15	2.120785e+00	1.449420e-07
1.170184e+15	2.120821e+00	1.452105e-07
1.170933e+15	2.120857e+00	1.454769e-07
1.171690e+15	2.120893e+00	1.457462e-07
1.171930e+15	2.120905e+00	1.458317e-07
1.172440e+15	2.120929e+00	1.460144e-07
1.173199e+15	2.120965e+00	1.462862e-07
1.173952e+15	2.121001e+00	1.465557e-07
1.174632e+15	2.121034e+00	1.467993e-07
1.174705e+15	2.121037e+00	1.468257e-07
1.175460e+15	2.121073e+00	1.470977e-07
1.176215e+15	2.121109e+00	1.473700e-07
1.176964e+15	2.121144e+00	1.476401e-07
1.177339e+15	2.121162e+00	1.477752e-07
1.177722e+15	2.121180e+00	1.479140e-07
1.178473e+15	2.121215e+00	1.481866e-07
1.179225e+15	2.121251e+00	1.484595e-07
1.179985e+15	2.121287e+00	1.487354e-07
1.180052e+15	2.121290e+00	1.487595e-07
1.180739e+15	2.121322e+00	1.490107e-07
1.181487e+15	2.121357e+00	1.492838e-07
1.182242e+15	2.121393e+00	1.495599e-07
1.182769e+15	2.121417e+00	1.497523e-07
1.182999e+15	2.121428e+00	1.498367e-07
1.183750e+15	2.121463e+00	1.501119e-07
1.184508e+15	2.121498e+00	1.503902e-07
1.185261e+15	2.121533e+00	1.506661e-07
1.185499e+15	2.121544e+00	1.507536e-07
1.186014e+15	2.121568e+00	1.509437e-07
1.186768e+15	2.121603e+00	1.512222e-07
1.187523e+15	2.121638e+00	1.515010e-07
1.188234e+15	2.121671e+00	1.517636e-07
1.188279e+15	2.121673e+00	1.517803e-07
1.189029e+15	2.121708e+00	1.520590e-07
1.189787e+15	2.121742e+00	1.523407e-07
1.190538e+15	2.121777e+00	1.526201e-07
1.190975e+15	2.121797e+00	1.527823e-07
1.191291e+15	2.121812e+00	1.529006e-07
1.192044e+15	2.121846e+00	1.531826e-07
1.192798e+15	2.121881e+00	1.534649e-07
1.193554e+15	2.121915e+00	1.537476e-07
1.193720e+15	2.121923e+00	1.538098e-07
1.194310e+15	2.121950e+00	1.540321e-07
1.195060e+15	2.121984e+00	1.543146e-07
1.195818e+15	2.122018e+00	1.546002e-07
1.196471e+15	2.122048e+00	1.548462e-07
1.196569e+15	2.122052e+00	1.548837e-07
1.197322e+15	2.122086e+00	1.551691e-07
1.198075e+15	2.122121e+00	1.554549e-07
1.198830e+15	2.122155e+00	1.557411e-07
1.199226e+15	2.122173e+00	1.558916e-07
1.199585e+15	2.122189e+00	1.560282e-07
1.200341e+15	2.122223e+00	1.563163e-07
1.201091e+15	2.122256e+00	1.566018e-07
1.201849e+15	2.122290e+00	1.568906e-07
1.201994e+15	2.122297e+00	1.569461e-07
1.202600e+15	2.122324e+00	1.571791e-07
1.203353e+15	2.122358e+00	1.574684e-07
1.204106e+15	2.122392e+00	1.577582e-07
1.204760e+15	2.122421e+00	1.580097e-07
1.204860e+15	2.122425e+00	1.580484e-07
1.205615e+15	2.122459e+00	1.583400e-07
1.206372e+15	2.122493e+00	1.586320e-07
1.207129e+15	2.122526e+00	1.589244e-07
1.207539e+15	2.122544e+00	1.590827e-07
1.207879e+15	2.122559e+00	1.592151e-07
1.208630e+15	2.122593e+00	1.595072e-07
1.209390e+15	2.122626e+00	1.598027e-07
1.210143e+15	2.122659e+00	1.600955e-07
1.210322e+15	2.122667e+00	1.601650e-07
1.210897e+15	2.122693e+00	1.603902e-07
1.211652e+15	2.122726e+00	1.606858e-07
1.212401e+15	2.122759e+00	1.609788e-07
1.213111e+15	2.122790e+00	1.612567e-07
1.213157e+15	2.122792e+00	1.612752e-07
1.213908e+15	2.122825e+00	1.615700e-07
1.214666e+15	2.122858e+00	1.618683e-07
1.215418e+15	2.122891e+00	1.621639e-07
1.215912e+15	2.122912e+00	1.623581e-07
1.216171e+15	2.122923e+00	1.624608e-07
1.216925e+15	2.122956e+00	1.627600e-07
1.217679e+15	2.122989e+00	1.630596e-07
1.218435e+15	2.123022e+00	1.633596e-07
1.218711e+15	2.123034e+00	1.634690e-07
1.219192e+15	2.123055e+00	1.636607e-07
1.219941e+15	2.123087e+00	1.639595e-07
1.220700e+15	2.123120e+00	1.642618e-07
1.221451e+15	2.123152e+00	1.645614e-07
1.221522e+15	2.123155e+00	1.645898e-07
1.222204e+15	2.123184e+00	1.648632e-07
1.222957e+15	2.123217e+00	1.651655e-07
1.223711e+15	2.123249e+00	1.654683e-07
1.224339e+15	2.123276e+00	1.657203e-07
1.224466e+15	2.123282e+00	1.657718e-07
1.225222e+15	2.123314e+00	1.660774e-07
