1.319469e+14	1.000000e+00	1.000000e-10
1.320996e+14	1.000000e+00	1.000000e-10
1.323216e+14	1.000000e+00	1.000000e-10
1.324039e+14	1.000000e+00	1.000000e-10
1.327008e+14	1.000000e+00	1.000000e-10
1.327097e+14	1.000000e+00	1.000000e-10
1.330150e+14	1.000000e+00	1.000000e-10
1.333217e+14	1.000000e+00	1.000000e-10
1.334549e+14	1.000000e+00	1.000000e-10
1.336103e+14	1.000000e+00	1.000000e-10
1.336289e+14	1.000000e+00	1.000000e-10
1.339375e+14	1.000000e+00	1.000000e-10
1.342089e+14	1.000000e+00	1.000000e-10
1.342456e+14	1.000000e+00	1.000000e-10
1.345551e+14	1.000000e+00	1.000000e-10
1.348661e+14	1.000000e+00	1.000000e-10
1.349628e+14	1.000000e+00	1.000000e-10
1.351765e+14	1.000000e+00	1.000000e-10
1.354804e+14	1.000000e+00	1.000000e-10
1.354884e+14	1.000000e+00	1.000000e-10
1.357168e+14	1.000000e+00	1.000000e-10
1.358008e+14	1.000000e+00	1.000000e-10
1.361136e+14	1.000000e+00	1.000000e-10
1.363285e+14	1.000000e+00	1.000000e-10
1.364269e+14	1.000000e+00	1.000000e-10
1.364708e+14	1.000000e+00	1.000000e-10
1.367416e+14	1.000000e+00	1.000000e-10
1.370568e+14	1.000000e+00	1.000000e-10
1.372248e+14	1.000000e+00	1.000000e-10
1.373734e+14	1.000000e+00	1.000000e-10
1.376895e+14	1.000000e+00	1.000000e-10
1.379788e+14	1.000000e+00	1.000000e-10
1.380071e+14	1.000000e+00	1.000000e-10
1.382324e+14	1.000000e+00	1.000000e-10
1.383251e+14	1.000000e+00	1.000000e-10
1.386210e+14	1.000000e+00	1.000000e-10
1.386445e+14	1.000000e+00	1.000000e-10
1.387327e+14	1.000000e+00	1.000000e-10
1.389634e+14	1.000000e+00	1.000000e-10
1.392838e+14	1.000000e+00	1.000000e-10
1.394868e+14	1.000000e+00	1.000000e-10
1.396046e+14	1.000000e+00	1.000000e-10
1.399269e+14	1.000000e+00	1.000000e-10
1.399402e+14	1.000000e+00	1.000000e-10
1.402407e+14	1.000000e+00	1.000000e-10
1.402497e+14	1.000000e+00	1.000000e-10
1.405729e+14	1.000000e+00	1.000000e-10
1.408965e+14	1.000000e+00	1.000000e-10
1.409947e+14	1.000000e+00	1.000000e-10
1.412216e+14	1.000000e+00	1.000000e-10
1.415472e+14	1.000000e+00	1.000000e-10
1.415492e+14	1.000000e+00	1.000000e-10
1.416919e+14	1.000000e+00	1.000000e-10
1.417487e+14	1.000000e+00	1.000000e-10
1.418732e+14	1.000000e+00	1.000000e-10
1.422007e+14	1.000000e+00	1.000000e-10
1.425027e+14	1.000000e+00	1.000000e-10
1.425286e+14	1.000000e+00	1.000000e-10
1.428570e+14	1.000000e+00	1.000000e-10
1.431858e+14	1.000000e+00	1.000000e-10
1.432567e+14	1.000000e+00	1.000000e-10
1.433470e+14	1.000000e+00	1.000000e-10
1.435162e+14	1.000000e+00	1.000000e-10
1.438469e+14	1.000000e+00	1.000000e-10
1.438539e+14	1.000000e+00	1.000000e-10
1.440106e+14	1.000000e+00	1.000000e-10
1.441792e+14	1.000000e+00	1.000000e-10
1.445108e+14	1.000000e+00	1.000000e-10
1.447646e+14	1.000000e+00	1.000000e-10
1.448439e+14	1.000000e+00	1.000000e-10
1.451786e+14	1.000000e+00	1.000000e-10
1.451911e+14	1.000000e+00	1.000000e-10
1.455126e+14	1.000000e+00	1.000000e-10
1.455185e+14	1.000000e+00	1.000000e-10
1.455220e+14	1.000000e+00	1.000000e-10
1.458481e+14	1.000000e+00	1.000000e-10
1.461840e+14	1.000000e+00	1.000000e-10
1.462725e+14	1.000000e+00	1.000000e-10
1.465215e+14	1.000000e+00	1.000000e-10
1.467201e+14	1.000000e+00	1.000000e-10
1.468594e+14	1.000000e+00	1.000000e-10
1.470266e+14	1.000000e+00	1.000000e-10
1.471978e+14	1.000000e+00	1.000000e-10
1.475376e+14	1.000000e+00	1.000000e-10
1.477805e+14	1.000000e+00	1.000000e-10
1.478768e+14	1.000000e+00	1.000000e-10
1.478916e+14	1.000000e+00	1.000000e-10
1.482186e+14	1.000000e+00	1.000000e-10
1.485344e+14	1.000000e+00	1.000000e-10
1.485597e+14	1.000000e+00	1.000000e-10
1.487195e+14	1.000000e+00	1.000000e-10
1.489024e+14	1.000000e+00	1.000000e-10
1.492455e+14	1.000000e+00	1.000000e-10
1.492885e+14	1.000000e+00	1.000000e-10
1.495890e+14	1.000000e+00	1.000000e-10
1.499340e+14	1.000000e+00	1.000000e-10
1.499555e+14	1.000000e+00	1.000000e-10
1.500425e+14	1.000000e+00	1.000000e-10
1.502795e+14	1.000000e+00	1.000000e-10
1.505705e+14	1.000000e+00	1.000000e-10
1.506265e+14	1.000000e+00	1.000000e-10
1.507964e+14	1.000000e+00	1.000000e-10
1.509740e+14	1.000000e+00	1.000000e-10
1.513218e+14	1.000000e+00	1.000000e-10
1.515504e+14	1.000000e+00	1.000000e-10
1.516701e+14	1.000000e+00	1.000000e-10
1.520199e+14	1.000000e+00	1.000000e-10
1.520607e+14	1.000000e+00	1.000000e-10
1.523044e+14	1.000000e+00	1.000000e-10
1.523701e+14	1.000000e+00	1.000000e-10
1.527220e+14	1.000000e+00	1.000000e-10
1.528293e+14	1.000000e+00	1.000000e-10
1.530584e+14	1.000000e+00	1.000000e-10
1.530742e+14	1.000000e+00	1.000000e-10
1.534268e+14	1.000000e+00	1.000000e-10
1.534393e+14	1.000000e+00	1.000000e-10
1.537810e+14	1.000000e+00	1.000000e-10
1.538124e+14	1.000000e+00	1.000000e-10
1.541344e+14	1.000000e+00	1.000000e-10
1.544906e+14	1.000000e+00	1.000000e-10
1.545664e+14	1.000000e+00	1.000000e-10
1.548460e+14	1.000000e+00	1.000000e-10
1.552030e+14	1.000000e+00	1.000000e-10
1.553204e+14	1.000000e+00	1.000000e-10
1.555616e+14	1.000000e+00	1.000000e-10
1.559193e+14	1.000000e+00	1.000000e-10
1.560744e+14	1.000000e+00	1.000000e-10
1.562787e+14	1.000000e+00	1.000000e-10
1.563767e+14	1.000000e+00	1.000000e-10
1.566251e+14	1.000000e+00	1.000000e-10
1.566397e+14	1.000000e+00	1.000000e-10
1.568283e+14	1.000000e+00	1.000000e-10
1.570011e+14	1.000000e+00	1.000000e-10
1.573629e+14	1.000000e+00	1.000000e-10
1.575823e+14	1.000000e+00	1.000000e-10
1.577250e+14	1.000000e+00	1.000000e-10
1.580888e+14	1.000000e+00	1.000000e-10
1.583363e+14	1.000000e+00	1.000000e-10
1.584529e+14	1.000000e+00	1.000000e-10
1.587463e+14	1.000000e+00	1.000000e-10
1.588187e+14	1.000000e+00	1.000000e-10
1.590903e+14	1.000000e+00	1.000000e-10
1.591849e+14	1.000000e+00	1.000000e-10
1.595513e+14	1.000000e+00	1.000000e-10
1.598443e+14	1.000000e+00	1.000000e-10
1.599195e+14	1.000000e+00	1.000000e-10
1.599745e+14	1.000000e+00	1.000000e-10
1.602881e+14	1.000000e+00	1.000000e-10
1.605982e+14	1.000000e+00	1.000000e-10
1.606569e+14	1.000000e+00	1.000000e-10
1.610275e+14	1.000000e+00	1.000000e-10
1.613522e+14	1.000000e+00	1.000000e-10
1.613998e+14	1.000000e+00	1.000000e-10
1.614582e+14	1.000000e+00	1.000000e-10
1.617710e+14	1.000000e+00	1.000000e-10
1.621061e+14	1.000000e+00	1.000000e-10
1.621439e+14	1.000000e+00	1.000000e-10
1.625186e+14	1.000000e+00	1.000000e-10
1.628602e+14	1.000000e+00	1.000000e-10
1.628922e+14	1.000000e+00	1.000000e-10
1.632675e+14	1.000000e+00	1.000000e-10
1.636141e+14	1.000000e+00	1.000000e-10
1.636445e+14	1.000000e+00	1.000000e-10
1.640219e+14	1.000000e+00	1.000000e-10
1.643681e+14	1.000000e+00	1.000000e-10
1.643995e+14	1.000000e+00	1.000000e-10
1.647789e+14	1.000000e+00	1.000000e-10
1.649779e+14	1.000000e+00	1.000000e-10
1.649923e+14	1.000000e+00	1.000000e-10
1.651220e+14	1.000000e+00	1.000000e-10
1.651586e+14	1.000000e+00	1.000000e-10
1.655387e+14	1.000000e+00	1.000000e-10
1.658760e+14	1.000000e+00	1.000000e-10
1.659204e+14	1.000000e+00	1.000000e-10
1.663040e+14	1.000000e+00	1.000000e-10
1.666300e+14	1.000000e+00	1.000000e-10
1.666863e+14	1.000000e+00	1.000000e-10
1.670704e+14	1.000000e+00	1.000000e-10
1.673841e+14	1.000000e+00	1.000000e-10
1.674563e+14	1.000000e+00	1.000000e-10
1.678425e+14	1.000000e+00	1.000000e-10
1.680691e+14	1.000000e+00	1.000000e-10
1.681381e+14	1.000000e+00	1.000000e-10
1.682290e+14	1.000000e+00	1.000000e-10
1.686173e+14	1.000000e+00	1.000000e-10
1.688921e+14	1.000000e+00	1.000000e-10
1.690058e+14	1.000000e+00	1.000000e-10
1.693946e+14	1.000000e+00	1.000000e-10
1.696460e+14	1.000000e+00	1.000000e-10
1.697852e+14	1.000000e+00	1.000000e-10
1.700691e+14	1.000000e+00	1.000000e-10
1.701776e+14	1.000000e+00	1.000000e-10
1.703999e+14	1.000000e+00	1.000000e-10
1.705688e+14	1.000000e+00	1.000000e-10
1.709633e+14	1.000000e+00	1.000000e-10
1.711539e+14	1.000000e+00	1.000000e-10
1.713565e+14	1.000000e+00	1.000000e-10
1.717515e+14	1.000000e+00	1.000000e-10
1.717923e+14	1.000000e+00	1.000000e-10
1.719080e+14	1.000000e+00	1.000000e-10
1.721484e+14	1.000000e+00	1.000000e-10
1.725439e+14	1.000000e+00	1.000000e-10
1.726619e+14	1.000000e+00	1.000000e-10
1.729428e+14	1.000000e+00	1.000000e-10
1.733404e+14	1.000000e+00	1.000000e-10
1.734158e+14	1.000000e+00	1.000000e-10
1.737398e+14	1.000000e+00	1.000000e-10
1.741411e+14	1.000000e+00	1.000000e-10
1.741699e+14	1.000000e+00	1.000000e-10
1.745426e+14	1.000000e+00	1.000000e-10
1.749239e+14	1.000000e+00	1.000000e-10
1.749444e+14	1.000000e+00	1.000000e-10
1.753480e+14	1.000000e+00	1.000000e-10
1.755909e+14	1.000000e+00	1.000000e-10
1.756779e+14	1.000000e+00	1.000000e-10
1.757518e+14	1.000000e+00	1.000000e-10
1.761575e+14	1.000000e+00	1.000000e-10
1.761855e+14	1.000000e+00	1.000000e-10
1.764319e+14	1.000000e+00	1.000000e-10
1.765634e+14	1.000000e+00	1.000000e-10
1.769712e+14	1.000000e+00	1.000000e-10
1.771858e+14	1.000000e+00	1.000000e-10
1.773792e+14	1.000000e+00	1.000000e-10
1.777874e+14	1.000000e+00	1.000000e-10
1.779398e+14	1.000000e+00	1.000000e-10
1.780625e+14	1.000000e+00	1.000000e-10
1.781975e+14	1.000000e+00	1.000000e-10
1.786078e+14	1.000000e+00	1.000000e-10
1.786938e+14	1.000000e+00	1.000000e-10
1.790200e+14	1.000000e+00	1.000000e-10
1.794324e+14	1.000000e+00	1.000000e-10
1.794478e+14	1.000000e+00	1.000000e-10
1.798467e+14	1.000000e+00	1.000000e-10
1.802018e+14	1.000000e+00	1.000000e-10
1.802612e+14	1.000000e+00	1.000000e-10
1.806759e+14	1.000000e+00	1.000000e-10
1.809557e+14	1.000000e+00	1.000000e-10
1.809829e+14	1.000000e+00	1.000000e-10
1.810925e+14	1.000000e+00	1.000000e-10
1.815110e+14	1.000000e+00	1.000000e-10
1.816829e+14	1.000000e+00	1.000000e-10
1.817098e+14	1.000000e+00	1.000000e-10
1.819280e+14	1.000000e+00	1.000000e-10
1.823486e+14	1.000000e+00	1.000000e-10
1.824637e+14	1.000000e+00	1.000000e-10
1.827676e+14	1.000000e+00	1.000000e-10
1.831904e+14	1.000000e+00	1.000000e-10
1.832176e+14	1.000000e+00	1.000000e-10
1.836115e+14	1.000000e+00	1.000000e-10
1.839717e+14	1.000000e+00	1.000000e-10
1.840346e+14	1.000000e+00	1.000000e-10
1.841014e+14	1.000000e+00	1.000000e-10
1.844596e+14	1.000000e+00	1.000000e-10
1.847257e+14	1.000000e+00	1.000000e-10
1.848848e+14	1.000000e+00	1.000000e-10
1.853119e+14	1.000000e+00	1.000000e-10
1.854797e+14	1.000000e+00	1.000000e-10
1.857374e+14	1.000000e+00	1.000000e-10
1.861666e+14	1.000000e+00	1.000000e-10
1.862336e+14	1.000000e+00	1.000000e-10
1.865960e+14	1.000000e+00	1.000000e-10
1.868146e+14	1.000000e+00	1.000000e-10
1.869875e+14	1.000000e+00	1.000000e-10
1.870255e+14	1.000000e+00	1.000000e-10
1.874570e+14	1.000000e+00	1.000000e-10
1.877416e+14	1.000000e+00	1.000000e-10
1.878887e+14	1.000000e+00	1.000000e-10
1.880267e+14	1.000000e+00	1.000000e-10
1.883223e+14	1.000000e+00	1.000000e-10
1.884956e+14	1.000000e+00	1.000000e-10
1.887562e+14	1.000000e+00	1.000000e-10
1.891914e+14	1.000000e+00	1.000000e-10
1.892495e+14	1.000000e+00	1.000000e-10
1.896274e+14	1.000000e+00	1.000000e-10
1.900036e+14	1.000000e+00	1.000000e-10
1.900645e+14	1.000000e+00	1.000000e-10
1.902390e+14	1.000000e+00	1.000000e-10
1.905027e+14	1.000000e+00	1.000000e-10
1.907576e+14	1.000000e+00	1.000000e-10
1.909419e+14	1.000000e+00	1.000000e-10
1.913820e+14	1.000000e+00	1.000000e-10
1.915115e+14	1.000000e+00	1.000000e-10
1.918233e+14	1.000000e+00	1.000000e-10
1.922655e+14	1.000000e+00	1.000000e-10
1.927088e+14	1.000000e+00	1.000000e-10
1.930194e+14	1.000000e+00	1.000000e-10
1.931336e+14	1.000000e+00	1.000000e-10
1.931529e+14	1.000000e+00	1.000000e-10
1.935982e+14	1.000000e+00	1.000000e-10
1.937734e+14	1.000000e+00	1.000000e-10
1.940445e+14	1.000000e+00	1.000000e-10
1.941328e+14	1.000000e+00	1.000000e-10
1.944917e+14	1.000000e+00	1.000000e-10
1.945275e+14	1.000000e+00	1.000000e-10
1.949401e+14	1.000000e+00	1.000000e-10
1.952814e+14	1.000000e+00	1.000000e-10
1.953895e+14	1.000000e+00	1.000000e-10
1.958399e+14	1.000000e+00	1.000000e-10
1.960355e+14	1.000000e+00	1.000000e-10
1.962915e+14	1.000000e+00	1.000000e-10
1.967438e+14	1.000000e+00	1.000000e-10
1.967894e+14	1.000000e+00	1.000000e-10
1.970223e+14	1.000000e+00	1.000000e-10
1.971975e+14	1.000000e+00	1.000000e-10
1.975434e+14	1.000000e+00	1.000000e-10
1.976520e+14	1.000000e+00	1.000000e-10
1.981077e+14	1.000000e+00	1.000000e-10
1.982974e+14	1.000000e+00	1.000000e-10
1.985644e+14	1.000000e+00	1.000000e-10
1.990220e+14	1.000000e+00	1.000000e-10
1.990512e+14	1.000000e+00	1.000000e-10
1.994810e+14	1.000000e+00	1.000000e-10
1.995351e+14	1.000000e+00	1.000000e-10
1.998053e+14	1.000000e+00	1.000000e-10
1.999408e+14	1.000000e+00	1.000000e-10
2.004016e+14	1.000000e+00	1.000000e-10
2.005592e+14	1.000000e+00	1.000000e-10
2.008635e+14	1.000000e+00	1.000000e-10
2.009464e+14	1.000000e+00	1.000000e-10
2.013132e+14	1.000000e+00	1.000000e-10
2.013267e+14	1.000000e+00	1.000000e-10
2.017907e+14	1.000000e+00	1.000000e-10
2.020672e+14	1.000000e+00	1.000000e-10
2.022558e+14	1.000000e+00	1.000000e-10
2.027222e+14	1.000000e+00	1.000000e-10
2.027263e+14	1.000000e+00	1.000000e-10
2.028212e+14	1.000000e+00	1.000000e-10
2.031894e+14	1.000000e+00	1.000000e-10
2.035752e+14	1.000000e+00	1.000000e-10
2.036579e+14	1.000000e+00	1.000000e-10
2.041274e+14	1.000000e+00	1.000000e-10
2.043292e+14	1.000000e+00	1.000000e-10
2.045980e+14	1.000000e+00	1.000000e-10
2.046646e+14	1.000000e+00	1.000000e-10
2.050695e+14	1.000000e+00	1.000000e-10
2.050831e+14	1.000000e+00	1.000000e-10
2.052713e+14	1.000000e+00	1.000000e-10
2.055424e+14	1.000000e+00	1.000000e-10
2.058371e+14	1.000000e+00	1.000000e-10
2.060162e+14	1.000000e+00	1.000000e-10
2.064910e+14	1.000000e+00	1.000000e-10
2.065911e+14	1.000000e+00	1.000000e-10
2.069672e+14	1.000000e+00	1.000000e-10
2.073451e+14	1.000000e+00	1.000000e-10
2.074441e+14	1.000000e+00	1.000000e-10
2.079224e+14	1.000000e+00	1.000000e-10
2.080991e+14	1.000000e+00	1.000000e-10
2.081383e+14	1.000000e+00	1.000000e-10
2.084017e+14	1.000000e+00	1.000000e-10
2.088531e+14	1.000000e+00	1.000000e-10
2.088820e+14	1.000000e+00	1.000000e-10
2.092504e+14	1.000000e+00	1.000000e-10
2.093637e+14	1.000000e+00	1.000000e-10
2.096070e+14	1.000000e+00	1.000000e-10
2.097888e+14	1.000000e+00	1.000000e-10
2.098464e+14	1.000000e+00	1.000000e-10
2.103299e+14	1.000000e+00	1.000000e-10
2.103611e+14	1.000000e+00	1.000000e-10
2.108150e+14	1.000000e+00	1.000000e-10
2.111151e+14	1.000000e+00	1.000000e-10
2.113008e+14	1.000000e+00	1.000000e-10
2.117880e+14	1.000000e+00	1.000000e-10
2.118689e+14	1.000000e+00	1.000000e-10
2.122762e+14	1.000000e+00	1.000000e-10
2.125178e+14	1.000000e+00	1.000000e-10
2.126229e+14	1.000000e+00	1.000000e-10
2.127655e+14	1.000000e+00	1.000000e-10
2.132033e+14	1.000000e+00	1.000000e-10
2.132561e+14	1.000000e+00	1.000000e-10
2.133770e+14	1.000000e+00	1.000000e-10
2.137477e+14	1.000000e+00	1.000000e-10
2.141309e+14	1.000000e+00	1.000000e-10
2.142404e+14	1.000000e+00	1.000000e-10
2.147341e+14	1.000000e+00	1.000000e-10
2.148849e+14	1.000000e+00	1.000000e-10
2.152292e+14	1.000000e+00	1.000000e-10
2.156389e+14	1.000000e+00	1.000000e-10
2.157253e+14	1.000000e+00	1.000000e-10
2.162227e+14	1.000000e+00	1.000000e-10
2.163929e+14	1.000000e+00	1.000000e-10
2.167211e+14	1.000000e+00	1.000000e-10
2.169631e+14	1.000000e+00	1.000000e-10
2.171468e+14	1.000000e+00	1.000000e-10
2.172208e+14	1.000000e+00	1.000000e-10
2.173110e+14	1.000000e+00	1.000000e-10
2.177214e+14	1.000000e+00	1.000000e-10
2.179008e+14	1.000000e+00	1.000000e-10
2.182235e+14	1.000000e+00	1.000000e-10
2.186548e+14	1.000000e+00	1.000000e-10
2.187264e+14	1.000000e+00	1.000000e-10
2.191669e+14	1.000000e+00	1.000000e-10
2.192306e+14	1.000000e+00	1.000000e-10
2.194087e+14	1.000000e+00	1.000000e-10
2.197361e+14	1.000000e+00	1.000000e-10
2.201629e+14	1.000000e+00	1.000000e-10
2.202427e+14	1.000000e+00	1.000000e-10
2.207503e+14	1.000000e+00	1.000000e-10
2.209169e+14	1.000000e+00	1.000000e-10
2.211274e+14	1.000000e+00	1.000000e-10
2.212592e+14	1.000000e+00	1.000000e-10
2.216708e+14	1.000000e+00	1.000000e-10
2.217600e+14	1.000000e+00	1.000000e-10
2.217691e+14	1.000000e+00	1.000000e-10
2.222804e+14	1.000000e+00	1.000000e-10
2.224247e+14	1.000000e+00	1.000000e-10
2.227930e+14	1.000000e+00	1.000000e-10
2.231786e+14	1.000000e+00	1.000000e-10
2.233063e+14	1.000000e+00	1.000000e-10
2.238213e+14	1.000000e+00	1.000000e-10
2.239327e+14	1.000000e+00	1.000000e-10
2.243372e+14	1.000000e+00	1.000000e-10
2.246868e+14	1.000000e+00	1.000000e-10
2.247687e+14	1.000000e+00	1.000000e-10
2.248438e+14	1.000000e+00	1.000000e-10
2.248543e+14	1.000000e+00	1.000000e-10
2.253726e+14	1.000000e+00	1.000000e-10
2.254408e+14	1.000000e+00	1.000000e-10
2.258922e+14	1.000000e+00	1.000000e-10
2.261948e+14	1.000000e+00	1.000000e-10
2.264129e+14	1.000000e+00	1.000000e-10
2.269349e+14	1.000000e+00	1.000000e-10
2.269486e+14	1.000000e+00	1.000000e-10
2.274580e+14	1.000000e+00	1.000000e-10
2.277025e+14	1.000000e+00	1.000000e-10
2.279823e+14	1.000000e+00	1.000000e-10
2.284565e+14	1.000000e+00	1.000000e-10
2.285080e+14	1.000000e+00	1.000000e-10
2.290347e+14	1.000000e+00	1.000000e-10
2.292107e+14	1.000000e+00	1.000000e-10
2.295627e+14	1.000000e+00	1.000000e-10
2.299646e+14	1.000000e+00	1.000000e-10
2.300918e+14	1.000000e+00	1.000000e-10
2.306222e+14	1.000000e+00	1.000000e-10
2.307187e+14	1.000000e+00	1.000000e-10
2.311538e+14	1.000000e+00	1.000000e-10
2.314726e+14	1.000000e+00	1.000000e-10
2.316869e+14	1.000000e+00	1.000000e-10
2.322209e+14	1.000000e+00	1.000000e-10
2.322266e+14	1.000000e+00	1.000000e-10
2.327563e+14	1.000000e+00	1.000000e-10
2.329807e+14	1.000000e+00	1.000000e-10
2.332926e+14	1.000000e+00	1.000000e-10
2.334141e+14	1.000000e+00	1.000000e-10
2.335559e+14	1.000000e+00	1.000000e-10
2.337344e+14	1.000000e+00	1.000000e-10
2.338306e+14	1.000000e+00	1.000000e-10
2.343697e+14	1.000000e+00	1.000000e-10
2.344883e+14	1.000000e+00	1.000000e-10
2.349097e+14	1.000000e+00	1.000000e-10
2.352425e+14	1.000000e+00	1.000000e-10
2.354514e+14	1.000000e+00	1.000000e-10
2.359941e+14	1.000000e+00	1.000000e-10
2.359965e+14	1.000000e+00	1.000000e-10
2.365381e+14	1.000000e+00	1.000000e-10
2.367505e+14	1.000000e+00	1.000000e-10
2.370834e+14	1.000000e+00	1.000000e-10
2.375043e+14	1.000000e+00	1.000000e-10
2.376301e+14	1.000000e+00	1.000000e-10
2.381778e+14	1.000000e+00	1.000000e-10
2.382585e+14	1.000000e+00	1.000000e-10
2.387268e+14	1.000000e+00	1.000000e-10
2.390122e+14	1.000000e+00	1.000000e-10
2.392771e+14	1.000000e+00	1.000000e-10
2.396778e+14	1.000000e+00	1.000000e-10
2.397662e+14	1.000000e+00	1.000000e-10
2.398287e+14	1.000000e+00	1.000000e-10
2.403817e+14	1.000000e+00	1.000000e-10
2.405204e+14	1.000000e+00	1.000000e-10
2.409357e+14	1.000000e+00	1.000000e-10
2.412743e+14	1.000000e+00	1.000000e-10
2.414913e+14	1.000000e+00	1.000000e-10
2.420284e+14	1.000000e+00	1.000000e-10
2.420479e+14	1.000000e+00	1.000000e-10
2.426059e+14	1.000000e+00	1.000000e-10
2.427821e+14	1.000000e+00	1.000000e-10
2.431652e+14	1.000000e+00	1.000000e-10
2.435362e+14	1.000000e+00	1.000000e-10
2.437258e+14	1.000000e+00	1.000000e-10
2.441734e+14	1.000000e+00	1.000000e-10
2.442874e+14	1.000000e+00	1.000000e-10
2.442902e+14	1.000000e+00	1.000000e-10
2.448506e+14	1.000000e+00	1.000000e-10
2.450442e+14	1.000000e+00	1.000000e-10
2.454152e+14	1.000000e+00	1.000000e-10
2.457983e+14	1.000000e+00	1.000000e-10
2.459808e+14	1.000000e+00	1.000000e-10
2.465480e+14	1.000000e+00	1.000000e-10
2.465522e+14	1.000000e+00	1.000000e-10
2.471162e+14	1.000000e+00	1.000000e-10
2.473062e+14	1.000000e+00	1.000000e-10
2.476858e+14	1.000000e+00	1.000000e-10
2.480603e+14	1.000000e+00	1.000000e-10
2.482570e+14	1.000000e+00	1.000000e-10
2.485684e+14	1.000000e+00	1.000000e-10
2.488141e+14	1.000000e+00	1.000000e-10
2.488292e+14	1.000000e+00	1.000000e-10
2.494027e+14	1.000000e+00	1.000000e-10
2.495681e+14	1.000000e+00	1.000000e-10
2.499775e+14	1.000000e+00	1.000000e-10
2.503221e+14	1.000000e+00	1.000000e-10
2.505540e+14	1.000000e+00	1.000000e-10
2.510760e+14	1.000000e+00	1.000000e-10
2.511315e+14	1.000000e+00	1.000000e-10
2.517103e+14	1.000000e+00	1.000000e-10
2.518301e+14	1.000000e+00	1.000000e-10
2.522908e+14	1.000000e+00	1.000000e-10
2.525839e+14	1.000000e+00	1.000000e-10
2.528723e+14	1.000000e+00	1.000000e-10
2.533379e+14	1.000000e+00	1.000000e-10
2.534551e+14	1.000000e+00	1.000000e-10
2.540395e+14	1.000000e+00	1.000000e-10
2.540919e+14	1.000000e+00	1.000000e-10
2.546250e+14	1.000000e+00	1.000000e-10
2.548460e+14	1.000000e+00	1.000000e-10
2.552121e+14	1.000000e+00	1.000000e-10
2.556000e+14	1.000000e+00	1.000000e-10
2.558005e+14	1.000000e+00	1.000000e-10
2.559587e+14	1.000000e+00	1.000000e-10
2.563540e+14	1.000000e+00	1.000000e-10
2.563903e+14	1.000000e+00	1.000000e-10
2.569810e+14	1.000000e+00	1.000000e-10
2.571079e+14	1.000000e+00	1.000000e-10
2.575734e+14	1.000000e+00	1.000000e-10
2.578620e+14	1.000000e+00	1.000000e-10
2.581675e+14	1.000000e+00	1.000000e-10
2.586159e+14	1.000000e+00	1.000000e-10
2.587625e+14	1.000000e+00	1.000000e-10
2.593589e+14	1.000000e+00	1.000000e-10
2.593700e+14	1.000000e+00	1.000000e-10
2.599569e+14	1.000000e+00	1.000000e-10
2.601238e+14	1.000000e+00	1.000000e-10
2.605560e+14	1.000000e+00	1.000000e-10
2.608780e+14	1.000000e+00	1.000000e-10
2.611567e+14	1.000000e+00	1.000000e-10
2.616319e+14	1.000000e+00	1.000000e-10
2.617587e+14	1.000000e+00	1.000000e-10
2.623624e+14	1.000000e+00	1.000000e-10
2.623857e+14	1.000000e+00	1.000000e-10
2.628852e+14	1.000000e+00	1.000000e-10
2.629670e+14	1.000000e+00	1.000000e-10
2.631399e+14	1.000000e+00	1.000000e-10
2.635734e+14	1.000000e+00	1.000000e-10
2.638937e+14	1.000000e+00	1.000000e-10
2.641807e+14	1.000000e+00	1.000000e-10
2.646477e+14	1.000000e+00	1.000000e-10
2.647897e+14	1.000000e+00	1.000000e-10
2.654004e+14	1.000000e+00	1.000000e-10
2.654018e+14	1.000000e+00	1.000000e-10
2.660120e+14	1.000000e+00	1.000000e-10
2.661558e+14	1.000000e+00	1.000000e-10
2.666253e+14	1.000000e+00	1.000000e-10
2.669096e+14	1.000000e+00	1.000000e-10
2.672399e+14	1.000000e+00	1.000000e-10
2.676638e+14	1.000000e+00	1.000000e-10
2.677657e+14	1.000000e+00	1.000000e-10
2.678559e+14	1.000000e+00	1.000000e-10
2.684177e+14	1.000000e+00	1.000000e-10
2.684736e+14	1.000000e+00	1.000000e-10
2.690922e+14	1.000000e+00	1.000000e-10
2.691717e+14	1.000000e+00	1.000000e-10
2.697125e+14	1.000000e+00	1.000000e-10
2.699256e+14	1.000000e+00	1.000000e-10
2.703344e+14	1.000000e+00	1.000000e-10
2.706796e+14	1.000000e+00	1.000000e-10
2.709574e+14	1.000000e+00	1.000000e-10
2.714338e+14	1.000000e+00	1.000000e-10
2.715820e+14	1.000000e+00	1.000000e-10
2.721875e+14	1.000000e+00	1.000000e-10
2.722083e+14	1.000000e+00	1.000000e-10
2.728356e+14	1.000000e+00	1.000000e-10
2.729415e+14	1.000000e+00	1.000000e-10
2.734645e+14	1.000000e+00	1.000000e-10
2.736956e+14	1.000000e+00	1.000000e-10
2.740952e+14	1.000000e+00	1.000000e-10
2.743129e+14	1.000000e+00	1.000000e-10
2.744496e+14	1.000000e+00	1.000000e-10
2.747268e+14	1.000000e+00	1.000000e-10
2.752033e+14	1.000000e+00	1.000000e-10
2.753601e+14	1.000000e+00	1.000000e-10
2.759575e+14	1.000000e+00	1.000000e-10
2.759951e+14	1.000000e+00	1.000000e-10
2.766314e+14	1.000000e+00	1.000000e-10
2.767114e+14	1.000000e+00	1.000000e-10
2.772691e+14	1.000000e+00	1.000000e-10
2.774523e+14	1.000000e+00	1.000000e-10
2.774654e+14	1.000000e+00	1.000000e-10
2.779080e+14	1.000000e+00	1.000000e-10
2.782194e+14	1.000000e+00	1.000000e-10
2.785487e+14	1.000000e+00	1.000000e-10
2.789733e+14	1.000000e+00	1.000000e-10
2.791911e+14	1.000000e+00	1.000000e-10
2.797276e+14	1.000000e+00	1.000000e-10
2.798343e+14	1.000000e+00	1.000000e-10
2.804797e+14	1.000000e+00	1.000000e-10
2.804814e+14	1.000000e+00	1.000000e-10
2.811260e+14	1.000000e+00	1.000000e-10
2.812355e+14	1.000000e+00	1.000000e-10
2.817740e+14	1.000000e+00	1.000000e-10
2.819894e+14	1.000000e+00	1.000000e-10
2.824238e+14	1.000000e+00	1.000000e-10
2.827432e+14	1.000000e+00	1.000000e-10
2.830748e+14	1.000000e+00	1.000000e-10
2.834972e+14	1.000000e+00	1.000000e-10
2.837276e+14	1.000000e+00	1.000000e-10
2.842513e+14	1.000000e+00	1.000000e-10
2.843812e+14	1.000000e+00	1.000000e-10
2.850051e+14	1.000000e+00	1.000000e-10
2.850370e+14	1.000000e+00	1.000000e-10
2.856268e+14	1.000000e+00	1.000000e-10
2.856941e+14	1.000000e+00	1.000000e-10
2.857591e+14	1.000000e+00	1.000000e-10
2.863525e+14	1.000000e+00	1.000000e-10
2.865131e+14	1.000000e+00	1.000000e-10
2.870127e+14	1.000000e+00	1.000000e-10
2.872672e+14	1.000000e+00	1.000000e-10
2.876745e+14	1.000000e+00	1.000000e-10
2.880213e+14	1.000000e+00	1.000000e-10
2.883377e+14	1.000000e+00	1.000000e-10
2.887750e+14	1.000000e+00	1.000000e-10
2.890021e+14	1.000000e+00	1.000000e-10
2.895290e+14	1.000000e+00	1.000000e-10
2.896683e+14	1.000000e+00	1.000000e-10
2.902830e+14	1.000000e+00	1.000000e-10
2.903362e+14	1.000000e+00	1.000000e-10
2.910054e+14	1.000000e+00	1.000000e-10
2.910373e+14	1.000000e+00	1.000000e-10
2.916764e+14	1.000000e+00	1.000000e-10
2.917910e+14	1.000000e+00	1.000000e-10
2.923486e+14	1.000000e+00	1.000000e-10
2.925451e+14	1.000000e+00	1.000000e-10
2.927743e+14	1.000000e+00	1.000000e-10
2.930226e+14	1.000000e+00	1.000000e-10
2.932989e+14	1.000000e+00	1.000000e-10
2.936983e+14	1.000000e+00	1.000000e-10
2.940529e+14	1.000000e+00	1.000000e-10
2.943753e+14	1.000000e+00	1.000000e-10
2.948071e+14	1.000000e+00	1.000000e-10
2.950540e+14	1.000000e+00	1.000000e-10
2.955611e+14	1.000000e+00	1.000000e-10
2.957340e+14	1.000000e+00	1.000000e-10
2.963152e+14	1.000000e+00	1.000000e-10
2.964158e+14	1.000000e+00	1.000000e-10
2.970689e+14	1.000000e+00	1.000000e-10
2.970989e+14	1.000000e+00	1.000000e-10
2.977841e+14	1.000000e+00	1.000000e-10
2.978232e+14	1.000000e+00	1.000000e-10
2.984702e+14	1.000000e+00	1.000000e-10
2.985770e+14	1.000000e+00	1.000000e-10
2.991585e+14	1.000000e+00	1.000000e-10
2.993309e+14	1.000000e+00	1.000000e-10
2.998480e+14	1.000000e+00	1.000000e-10
3.000848e+14	1.000000e+00	1.000000e-10
3.005393e+14	1.000000e+00	1.000000e-10
3.008391e+14	1.000000e+00	1.000000e-10
3.012319e+14	1.000000e+00	1.000000e-10
3.015929e+14	1.000000e+00	1.000000e-10
3.019267e+14	1.000000e+00	1.000000e-10
3.023471e+14	1.000000e+00	1.000000e-10
3.026223e+14	1.000000e+00	1.000000e-10
3.029694e+14	1.000000e+00	1.000000e-10
3.031006e+14	1.000000e+00	1.000000e-10
3.033201e+14	1.000000e+00	1.000000e-10
3.038550e+14	1.000000e+00	1.000000e-10
3.040192e+14	1.000000e+00	1.000000e-10
3.046088e+14	1.000000e+00	1.000000e-10
3.047201e+14	1.000000e+00	1.000000e-10
3.050497e+14	1.000000e+00	1.000000e-10
3.053628e+14	1.000000e+00	1.000000e-10
3.054227e+14	1.000000e+00	1.000000e-10
3.061166e+14	1.000000e+00	1.000000e-10
3.061265e+14	1.000000e+00	1.000000e-10
3.068326e+14	1.000000e+00	1.000000e-10
3.068706e+14	1.000000e+00	1.000000e-10
3.075400e+14	1.000000e+00	1.000000e-10
3.076248e+14	1.000000e+00	1.000000e-10
3.082486e+14	1.000000e+00	1.000000e-10
3.083787e+14	1.000000e+00	1.000000e-10
3.089595e+14	1.000000e+00	1.000000e-10
3.091328e+14	1.000000e+00	1.000000e-10
3.096716e+14	1.000000e+00	1.000000e-10
3.098864e+14	1.000000e+00	1.000000e-10
3.103855e+14	1.000000e+00	1.000000e-10
3.106407e+14	1.000000e+00	1.000000e-10
3.111011e+14	1.000000e+00	1.000000e-10
3.113946e+14	1.000000e+00	1.000000e-10
3.118180e+14	1.000000e+00	1.000000e-10
3.121485e+14	1.000000e+00	1.000000e-10
3.125367e+14	1.000000e+00	1.000000e-10
3.129024e+14	1.000000e+00	1.000000e-10
3.132571e+14	1.000000e+00	1.000000e-10
3.136564e+14	1.000000e+00	1.000000e-10
3.139793e+14	1.000000e+00	1.000000e-10
3.144108e+14	1.000000e+00	1.000000e-10
3.147032e+14	1.000000e+00	1.000000e-10
3.151646e+14	1.000000e+00	1.000000e-10
3.154289e+14	1.000000e+00	1.000000e-10
3.159184e+14	1.000000e+00	1.000000e-10
3.161558e+14	1.000000e+00	1.000000e-10
3.166726e+14	1.000000e+00	1.000000e-10
3.168845e+14	1.000000e+00	1.000000e-10
3.172893e+14	1.000000e+00	1.000000e-10
3.174266e+14	1.000000e+00	1.000000e-10
3.176155e+14	1.000000e+00	1.000000e-10
3.181805e+14	1.000000e+00	1.000000e-10
3.183471e+14	1.000000e+00	1.000000e-10
3.188523e+14	1.000000e+00	1.000000e-10
3.189342e+14	1.000000e+00	1.000000e-10
3.190811e+14	1.000000e+00	1.000000e-10
3.196883e+14	1.000000e+00	1.000000e-10
3.198168e+14	1.000000e+00	1.000000e-10
3.204426e+14	1.000000e+00	1.000000e-10
3.205538e+14	1.000000e+00	1.000000e-10
3.211967e+14	1.000000e+00	1.000000e-10
3.212930e+14	1.000000e+00	1.000000e-10
3.219505e+14	1.000000e+00	1.000000e-10
3.220335e+14	1.000000e+00	1.000000e-10
3.227045e+14	1.000000e+00	1.000000e-10
3.227758e+14	1.000000e+00	1.000000e-10
3.234581e+14	1.000000e+00	1.000000e-10
3.235203e+14	1.000000e+00	1.000000e-10
3.242126e+14	1.000000e+00	1.000000e-10
3.242661e+14	1.000000e+00	1.000000e-10
3.249666e+14	1.000000e+00	1.000000e-10
3.250136e+14	1.000000e+00	1.000000e-10
3.257202e+14	1.000000e+00	1.000000e-10
3.257624e+14	1.000000e+00	1.000000e-10
3.264744e+14	1.000000e+00	1.000000e-10
3.265134e+14	1.000000e+00	1.000000e-10
3.272282e+14	1.000000e+00	1.000000e-10
3.272663e+14	1.000000e+00	1.000000e-10
3.279821e+14	1.000000e+00	1.000000e-10
3.280209e+14	1.000000e+00	1.000000e-10
3.287365e+14	1.000000e+00	1.000000e-10
3.287767e+14	1.000000e+00	1.000000e-10
3.294905e+14	1.000000e+00	1.000000e-10
3.295348e+14	1.000000e+00	1.000000e-10
3.302444e+14	1.000000e+00	1.000000e-10
3.302947e+14	1.000000e+00	1.000000e-10
3.309982e+14	1.000000e+00	1.000000e-10
3.310558e+14	1.000000e+00	1.000000e-10
3.317521e+14	1.000000e+00	1.000000e-10
3.318192e+14	1.000000e+00	1.000000e-10
3.325064e+14	1.000000e+00	1.000000e-10
3.325839e+14	1.000000e+00	1.000000e-10
3.332601e+14	1.000000e+00	1.000000e-10
3.333508e+14	1.000000e+00	1.000000e-10
3.340142e+14	1.000000e+00	1.000000e-10
3.341190e+14	1.000000e+00	1.000000e-10
3.347682e+14	1.000000e+00	1.000000e-10
3.348895e+14	1.000000e+00	1.000000e-10
3.355219e+14	1.000000e+00	1.000000e-10
3.356612e+14	1.000000e+00	1.000000e-10
3.362761e+14	1.000000e+00	1.000000e-10
3.364352e+14	1.000000e+00	1.000000e-10
3.370301e+14	1.000000e+00	1.000000e-10
3.372104e+14	1.000000e+00	1.000000e-10
3.377839e+14	1.000000e+00	1.000000e-10
3.379880e+14	1.000000e+00	1.000000e-10
3.385379e+14	1.000000e+00	1.000000e-10
3.387673e+14	1.000000e+00	1.000000e-10
3.392917e+14	1.000000e+00	1.000000e-10
3.395251e+14	1.000000e+00	1.000000e-10
3.395478e+14	1.000000e+00	1.000000e-10
3.400458e+14	1.000000e+00	1.000000e-10
3.403307e+14	1.000000e+00	1.000000e-10
3.408002e+14	1.000000e+00	1.000000e-10
3.411153e+14	1.000000e+00	1.000000e-10
3.415542e+14	1.000000e+00	1.000000e-10
3.419017e+14	1.000000e+00	1.000000e-10
3.423078e+14	1.000000e+00	1.000000e-10
3.426899e+14	1.000000e+00	1.000000e-10
3.430616e+14	1.000000e+00	1.000000e-10
3.434799e+14	1.000000e+00	1.000000e-10
3.438157e+14	1.000000e+00	1.000000e-10
3.442716e+14	1.000000e+00	1.000000e-10
3.445699e+14	1.000000e+00	1.000000e-10
3.450650e+14	1.000000e+00	1.000000e-10
3.453236e+14	1.000000e+00	1.000000e-10
3.453770e+14	1.000000e+00	1.000000e-10
3.458609e+14	1.000000e+00	1.000000e-10
3.460780e+14	1.000000e+00	1.000000e-10
3.466579e+14	1.000000e+00	1.000000e-10
3.468320e+14	1.000000e+00	1.000000e-10
3.474573e+14	1.000000e+00	1.000000e-10
3.475860e+14	1.000000e+00	1.000000e-10
3.482584e+14	1.000000e+00	1.000000e-10
3.483395e+14	1.000000e+00	1.000000e-10
3.490607e+14	1.000000e+00	1.000000e-10
3.490936e+14	1.000000e+00	1.000000e-10
3.498478e+14	1.000000e+00	1.000000e-10
3.498654e+14	1.000000e+00	1.000000e-10
3.506020e+14	1.000000e+00	1.000000e-10
3.506724e+14	1.000000e+00	1.000000e-10
3.513555e+14	1.000000e+00	1.000000e-10
3.514807e+14	1.000000e+00	1.000000e-10
3.521096e+14	1.000000e+00	1.000000e-10
3.522906e+14	1.000000e+00	1.000000e-10
3.528637e+14	1.000000e+00	1.000000e-10
3.531030e+14	1.000000e+00	1.000000e-10
3.536177e+14	1.000000e+00	1.000000e-10
3.539171e+14	1.000000e+00	1.000000e-10
3.543716e+14	1.000000e+00	1.000000e-10
3.547330e+14	1.000000e+00	1.000000e-10
3.551253e+14	1.000000e+00	1.000000e-10
3.555507e+14	1.000000e+00	1.000000e-10
3.558796e+14	1.000000e+00	1.000000e-10
3.563701e+14	1.000000e+00	1.000000e-10
3.566338e+14	1.000000e+00	1.000000e-10
3.571913e+14	1.000000e+00	1.000000e-10
3.573877e+14	1.000000e+00	1.000000e-10
3.580149e+14	1.000000e+00	1.000000e-10
3.581414e+14	1.000000e+00	1.000000e-10
3.588403e+14	1.000000e+00	1.000000e-10
3.588956e+14	1.000000e+00	1.000000e-10
3.596495e+14	1.000000e+00	1.000000e-10
3.596674e+14	1.000000e+00	1.000000e-10
3.604032e+14	1.000000e+00	1.000000e-10
3.604969e+14	1.000000e+00	1.000000e-10
3.611573e+14	1.000000e+00	1.000000e-10
3.612334e+14	1.000000e+00	1.000000e-10
3.613276e+14	1.000000e+00	1.000000e-10
3.619117e+14	1.000000e+00	1.000000e-10
3.621606e+14	1.000000e+00	1.000000e-10
3.626651e+14	1.000000e+00	1.000000e-10
3.629955e+14	1.000000e+00	1.000000e-10
3.634196e+14	1.000000e+00	1.000000e-10
3.638320e+14	1.000000e+00	1.000000e-10
3.641737e+14	1.000000e+00	1.000000e-10
3.646711e+14	1.000000e+00	1.000000e-10
3.649274e+14	1.000000e+00	1.000000e-10
3.653532e+14	1.000000e+00	1.000000e-10
3.655119e+14	1.000000e+00	1.000000e-10
3.656813e+14	1.000000e+00	1.000000e-10
3.663544e+14	1.000000e+00	1.000000e-10
3.664356e+14	1.000000e+00	1.000000e-10
3.671894e+14	1.000000e+00	1.000000e-10
3.671987e+14	1.000000e+00	1.000000e-10
3.679434e+14	1.000000e+00	1.000000e-10
3.680454e+14	1.000000e+00	1.000000e-10
3.686976e+14	1.000000e+00	1.000000e-10
3.688939e+14	1.000000e+00	1.000000e-10
3.694514e+14	1.000000e+00	1.000000e-10
3.697441e+14	1.000000e+00	1.000000e-10
3.702053e+14	1.000000e+00	1.000000e-10
3.705961e+14	1.000000e+00	1.000000e-10
3.709593e+14	1.000000e+00	1.000000e-10
3.714506e+14	1.000000e+00	1.000000e-10
3.717135e+14	1.000000e+00	1.000000e-10
3.723068e+14	1.000000e+00	1.000000e-10
3.724671e+14	1.000000e+00	1.000000e-10
3.731654e+14	1.000000e+00	1.000000e-10
3.732208e+14	1.000000e+00	1.000000e-10
3.739754e+14	1.000000e+00	1.000000e-10
3.740258e+14	1.000000e+00	1.000000e-10
3.747293e+14	1.000000e+00	1.000000e-10
3.748880e+14	1.000000e+00	1.000000e-10
3.754832e+14	1.000000e+00	1.000000e-10
3.757519e+14	1.000000e+00	1.000000e-10
3.762371e+14	1.000000e+00	1.000000e-10
3.766183e+14	1.000000e+00	1.000000e-10
3.769911e+14	1.000000e+00	1.000000e-10
3.774864e+14	1.000000e+00	1.000000e-10
3.777451e+14	1.000000e+00	1.000000e-10
3.783562e+14	1.000000e+00	1.000000e-10
3.784991e+14	1.000000e+00	1.000000e-10
3.792286e+14	1.000000e+00	1.000000e-10
3.792530e+14	1.000000e+00	1.000000e-10
3.800069e+14	1.000000e+00	1.000000e-10
3.800903e+14	1.000000e+00	1.000000e-10
3.801026e+14	1.000000e+00	1.000000e-10
3.807606e+14	1.000000e+00	1.000000e-10
3.809792e+14	1.000000e+00	1.000000e-10
3.815151e+14	1.000000e+00	1.000000e-10
3.818575e+14	1.000000e+00	1.000000e-10
3.822687e+14	1.000000e+00	1.000000e-10
3.827375e+14	1.000000e+00	1.000000e-10
3.830230e+14	1.000000e+00	1.000000e-10
3.836201e+14	1.000000e+00	1.000000e-10
3.837771e+14	1.000000e+00	1.000000e-10
3.845043e+14	1.000000e+00	1.000000e-10
3.845310e+14	1.000000e+00	1.000000e-10
3.852848e+14	1.000000e+00	1.000000e-10
3.853911e+14	1.000000e+00	1.000000e-10
3.860391e+14	1.000000e+00	1.000000e-10
3.862788e+14	1.000000e+00	1.000000e-10
3.867932e+14	1.000000e+00	1.000000e-10
3.871698e+14	1.000000e+00	1.000000e-10
3.875471e+14	1.000000e+00	1.000000e-10
3.880617e+14	1.000000e+00	1.000000e-10
3.883008e+14	1.000000e+00	1.000000e-10
3.889570e+14	1.000000e+00	1.000000e-10
3.890549e+14	1.000000e+00	1.000000e-10
3.898088e+14	1.000000e+00	1.000000e-10
3.898532e+14	1.000000e+00	1.000000e-10
3.905632e+14	1.000000e+00	1.000000e-10
3.907518e+14	1.000000e+00	1.000000e-10
3.913164e+14	1.000000e+00	1.000000e-10
3.916530e+14	1.000000e+00	1.000000e-10
3.920710e+14	1.000000e+00	1.000000e-10
3.925560e+14	1.000000e+00	1.000000e-10
3.928251e+14	1.000000e+00	1.000000e-10
3.934606e+14	1.000000e+00	1.000000e-10
3.935789e+14	1.000000e+00	1.000000e-10
3.943331e+14	1.000000e+00	1.000000e-10
3.943678e+14	1.000000e+00	1.000000e-10
3.950869e+14	1.000000e+00	1.000000e-10
3.952766e+14	1.000000e+00	1.000000e-10
3.958411e+14	1.000000e+00	1.000000e-10
3.961880e+14	1.000000e+00	1.000000e-10
3.965948e+14	1.000000e+00	1.000000e-10
3.971011e+14	1.000000e+00	1.000000e-10
3.973489e+14	1.000000e+00	1.000000e-10
3.980168e+14	1.000000e+00	1.000000e-10
3.981025e+14	1.000000e+00	1.000000e-10
3.988564e+14	1.000000e+00	1.000000e-10
3.989341e+14	1.000000e+00	1.000000e-10
3.996107e+14	1.000000e+00	1.000000e-10
3.998540e+14	1.000000e+00	1.000000e-10
4.003644e+14	1.000000e+00	1.000000e-10
4.007755e+14	1.000000e+00	1.000000e-10
4.011184e+14	1.000000e+00	1.000000e-10
4.016997e+14	1.000000e+00	1.000000e-10
4.018727e+14	1.000000e+00	1.000000e-10
4.026255e+14	1.000000e+00	1.000000e-10
4.026263e+14	1.000000e+00	1.000000e-10
4.033803e+14	1.000000e+00	1.000000e-10
4.035538e+14	1.000000e+00	1.000000e-10
4.038444e+14	1.000000e+00	1.000000e-10
4.041344e+14	1.000000e+00	1.000000e-10
4.044839e+14	1.000000e+00	1.000000e-10
4.048888e+14	1.000000e+00	1.000000e-10
4.054165e+14	1.000000e+00	1.000000e-10
4.056425e+14	1.000000e+00	1.000000e-10
4.063508e+14	1.000000e+00	1.000000e-10
4.063963e+14	1.000000e+00	1.000000e-10
4.071504e+14	1.000000e+00	1.000000e-10
4.072876e+14	1.000000e+00	1.000000e-10
4.079046e+14	1.000000e+00	1.000000e-10
4.082261e+14	1.000000e+00	1.000000e-10
4.086580e+14	1.000000e+00	1.000000e-10
4.091672e+14	1.000000e+00	1.000000e-10
4.094125e+14	1.000000e+00	1.000000e-10
4.101109e+14	1.000000e+00	1.000000e-10
4.101662e+14	1.000000e+00	1.000000e-10
4.109200e+14	1.000000e+00	1.000000e-10
4.110562e+14	1.000000e+00	1.000000e-10
4.116747e+14	1.000000e+00	1.000000e-10
4.120040e+14	1.000000e+00	1.000000e-10
4.124286e+14	1.000000e+00	1.000000e-10
4.129536e+14	1.000000e+00	1.000000e-10
4.131826e+14	1.000000e+00	1.000000e-10
4.139057e+14	1.000000e+00	1.000000e-10
4.139366e+14	1.000000e+00	1.000000e-10
4.146906e+14	1.000000e+00	1.000000e-10
4.148595e+14	1.000000e+00	1.000000e-10
4.154438e+14	1.000000e+00	1.000000e-10
4.158158e+14	1.000000e+00	1.000000e-10
4.161978e+14	1.000000e+00	1.000000e-10
4.167748e+14	1.000000e+00	1.000000e-10
4.169518e+14	1.000000e+00	1.000000e-10
4.177057e+14	1.000000e+00	1.000000e-10
4.177354e+14	1.000000e+00	1.000000e-10
4.184606e+14	1.000000e+00	1.000000e-10
4.186985e+14	1.000000e+00	1.000000e-10
4.192144e+14	1.000000e+00	1.000000e-10
4.196633e+14	1.000000e+00	1.000000e-10
4.199681e+14	1.000000e+00	1.000000e-10
4.206307e+14	1.000000e+00	1.000000e-10
4.207218e+14	1.000000e+00	1.000000e-10
4.214763e+14	1.000000e+00	1.000000e-10
4.216007e+14	1.000000e+00	1.000000e-10
4.222296e+14	1.000000e+00	1.000000e-10
4.225723e+14	1.000000e+00	1.000000e-10
4.229838e+14	1.000000e+00	1.000000e-10
4.235465e+14	1.000000e+00	1.000000e-10
4.235685e+14	1.000000e+00	1.000000e-10
4.237379e+14	1.000000e+00	1.000000e-10
4.244917e+14	1.000000e+00	1.000000e-10
4.245233e+14	1.000000e+00	1.000000e-10
4.252464e+14	1.000000e+00	1.000000e-10
4.255017e+14	1.000000e+00	1.000000e-10
4.259998e+14	1.000000e+00	1.000000e-10
4.264827e+14	1.000000e+00	1.000000e-10
4.267541e+14	1.000000e+00	1.000000e-10
4.274654e+14	1.000000e+00	1.000000e-10
4.275080e+14	1.000000e+00	1.000000e-10
4.282618e+14	1.000000e+00	1.000000e-10
4.284516e+14	1.000000e+00	1.000000e-10
4.290162e+14	1.000000e+00	1.000000e-10
4.294384e+14	1.000000e+00	1.000000e-10
4.297704e+14	1.000000e+00	1.000000e-10
4.304289e+14	1.000000e+00	1.000000e-10
4.305242e+14	1.000000e+00	1.000000e-10
4.312778e+14	1.000000e+00	1.000000e-10
4.314209e+14	1.000000e+00	1.000000e-10
4.320320e+14	1.000000e+00	1.000000e-10
4.324155e+14	1.000000e+00	1.000000e-10
4.327859e+14	1.000000e+00	1.000000e-10
4.334128e+14	1.000000e+00	1.000000e-10
4.335394e+14	1.000000e+00	1.000000e-10
4.342935e+14	1.000000e+00	1.000000e-10
4.344117e+14	1.000000e+00	1.000000e-10
4.350473e+14	1.000000e+00	1.000000e-10
4.354131e+14	1.000000e+00	1.000000e-10
4.358017e+14	1.000000e+00	1.000000e-10
4.364162e+14	1.000000e+00	1.000000e-10
4.365556e+14	1.000000e+00	1.000000e-10
4.373102e+14	1.000000e+00	1.000000e-10
4.374228e+14	1.000000e+00	1.000000e-10
4.380633e+14	1.000000e+00	1.000000e-10
4.384311e+14	1.000000e+00	1.000000e-10
4.388179e+14	1.000000e+00	1.000000e-10
4.394420e+14	1.000000e+00	1.000000e-10
4.395721e+14	1.000000e+00	1.000000e-10
4.403258e+14	1.000000e+00	1.000000e-10
4.404544e+14	1.000000e+00	1.000000e-10
4.410800e+14	1.000000e+00	1.000000e-10
4.414705e+14	1.000000e+00	1.000000e-10
4.418338e+14	1.000000e+00	1.000000e-10
4.424882e+14	1.000000e+00	1.000000e-10
4.425880e+14	1.000000e+00	1.000000e-10
4.433416e+14	1.000000e+00	1.000000e-10
4.435075e+14	1.000000e+00	1.000000e-10
4.440958e+14	1.000000e+00	1.000000e-10
4.445304e+14	1.000000e+00	1.000000e-10
4.448493e+14	1.000000e+00	1.000000e-10
4.455549e+14	1.000000e+00	1.000000e-10
4.456033e+14	1.000000e+00	1.000000e-10
4.463578e+14	1.000000e+00	1.000000e-10
4.465820e+14	1.000000e+00	1.000000e-10
4.471116e+14	1.000000e+00	1.000000e-10
4.476117e+14	1.000000e+00	1.000000e-10
4.478659e+14	1.000000e+00	1.000000e-10
4.486195e+14	1.000000e+00	1.000000e-10
4.486430e+14	1.000000e+00	1.000000e-10
4.493735e+14	1.000000e+00	1.000000e-10
4.496780e+14	1.000000e+00	1.000000e-10
4.501279e+14	1.000000e+00	1.000000e-10
4.507145e+14	1.000000e+00	1.000000e-10
4.508816e+14	1.000000e+00	1.000000e-10
4.516357e+14	1.000000e+00	1.000000e-10
4.517536e+14	1.000000e+00	1.000000e-10
4.523890e+14	1.000000e+00	1.000000e-10
4.527943e+14	1.000000e+00	1.000000e-10
4.531437e+14	1.000000e+00	1.000000e-10
4.538387e+14	1.000000e+00	1.000000e-10
4.538977e+14	1.000000e+00	1.000000e-10
4.546510e+14	1.000000e+00	1.000000e-10
4.548847e+14	1.000000e+00	1.000000e-10
4.554056e+14	1.000000e+00	1.000000e-10
4.559332e+14	1.000000e+00	1.000000e-10
4.561594e+14	1.000000e+00	1.000000e-10
4.569135e+14	1.000000e+00	1.000000e-10
4.569844e+14	1.000000e+00	1.000000e-10
4.576668e+14	1.000000e+00	1.000000e-10
4.580382e+14	1.000000e+00	1.000000e-10
4.584214e+14	1.000000e+00	1.000000e-10
4.590936e+14	1.000000e+00	1.000000e-10
4.591752e+14	1.000000e+00	1.000000e-10
4.599292e+14	1.000000e+00	1.000000e-10
4.601515e+14	1.000000e+00	1.000000e-10
4.606835e+14	1.000000e+00	1.000000e-10
4.612121e+14	1.000000e+00	1.000000e-10
4.614368e+14	1.000000e+00	1.000000e-10
4.621915e+14	1.000000e+00	1.000000e-10
4.622754e+14	1.000000e+00	1.000000e-10
4.629452e+14	1.000000e+00	1.000000e-10
4.633412e+14	1.000000e+00	1.000000e-10
4.636991e+14	1.000000e+00	1.000000e-10
4.644098e+14	1.000000e+00	1.000000e-10
4.644532e+14	1.000000e+00	1.000000e-10
4.652075e+14	1.000000e+00	1.000000e-10
4.654797e+14	1.000000e+00	1.000000e-10
4.659607e+14	1.000000e+00	1.000000e-10
4.665535e+14	1.000000e+00	1.000000e-10
4.667153e+14	1.000000e+00	1.000000e-10
4.674688e+14	1.000000e+00	1.000000e-10
4.676288e+14	1.000000e+00	1.000000e-10
4.682235e+14	1.000000e+00	1.000000e-10
4.687067e+14	1.000000e+00	1.000000e-10
4.689773e+14	1.000000e+00	1.000000e-10
4.697311e+14	1.000000e+00	1.000000e-10
4.697873e+14	1.000000e+00	1.000000e-10
4.704849e+14	1.000000e+00	1.000000e-10
4.708704e+14	1.000000e+00	1.000000e-10
4.712389e+14	1.000000e+00	1.000000e-10
4.719563e+14	1.000000e+00	1.000000e-10
4.719929e+14	1.000000e+00	1.000000e-10
4.727470e+14	1.000000e+00	1.000000e-10
4.730436e+14	1.000000e+00	1.000000e-10
4.735010e+14	1.000000e+00	1.000000e-10
4.741347e+14	1.000000e+00	1.000000e-10
4.742552e+14	1.000000e+00	1.000000e-10
4.750093e+14	1.000000e+00	1.000000e-10
4.752272e+14	1.000000e+00	1.000000e-10
4.757622e+14	1.000000e+00	1.000000e-10
4.763224e+14	1.000000e+00	1.000000e-10
4.765163e+14	1.000000e+00	1.000000e-10
4.772704e+14	1.000000e+00	1.000000e-10
4.774203e+14	1.000000e+00	1.000000e-10
4.780245e+14	1.000000e+00	1.000000e-10
4.785208e+14	1.000000e+00	1.000000e-10
4.787785e+14	1.000000e+00	1.000000e-10
4.795324e+14	1.000000e+00	1.000000e-10
4.796239e+14	1.000000e+00	1.000000e-10
4.802863e+14	1.000000e+00	1.000000e-10
4.807073e+14	1.000000e+00	1.000000e-10
4.807297e+14	1.000000e+00	1.000000e-10
4.810401e+14	1.000000e+00	1.000000e-10
4.817950e+14	1.000000e+00	1.000000e-10
4.818381e+14	1.000000e+00	1.000000e-10
4.825486e+14	1.000000e+00	1.000000e-10
4.829492e+14	1.000000e+00	1.000000e-10
4.833021e+14	1.000000e+00	1.000000e-10
4.840567e+14	1.000000e+00	1.000000e-10
4.840617e+14	1.000000e+00	1.000000e-10
4.848112e+14	1.000000e+00	1.000000e-10
4.851781e+14	1.000000e+00	1.000000e-10
4.855643e+14	1.000000e+00	1.000000e-10
4.862971e+14	1.000000e+00	1.000000e-10
4.863184e+14	1.000000e+00	1.000000e-10
4.870724e+14	1.000000e+00	1.000000e-10
4.874175e+14	1.000000e+00	1.000000e-10
4.878262e+14	1.000000e+00	1.000000e-10
4.885418e+14	1.000000e+00	1.000000e-10
4.885811e+14	1.000000e+00	1.000000e-10
4.893345e+14	1.000000e+00	1.000000e-10
4.896675e+14	1.000000e+00	1.000000e-10
4.900889e+14	1.000000e+00	1.000000e-10
4.907959e+14	1.000000e+00	1.000000e-10
4.908419e+14	1.000000e+00	1.000000e-10
4.915959e+14	1.000000e+00	1.000000e-10
4.919282e+14	1.000000e+00	1.000000e-10
4.923509e+14	1.000000e+00	1.000000e-10
4.930618e+14	1.000000e+00	1.000000e-10
4.931044e+14	1.000000e+00	1.000000e-10
4.938589e+14	1.000000e+00	1.000000e-10
4.941981e+14	1.000000e+00	1.000000e-10
4.946118e+14	1.000000e+00	1.000000e-10
4.953370e+14	1.000000e+00	1.000000e-10
4.953657e+14	1.000000e+00	1.000000e-10
4.961206e+14	1.000000e+00	1.000000e-10
4.964799e+14	1.000000e+00	1.000000e-10
4.968739e+14	1.000000e+00	1.000000e-10
4.976242e+14	1.000000e+00	1.000000e-10
4.976281e+14	1.000000e+00	1.000000e-10
4.983820e+14	1.000000e+00	1.000000e-10
4.987711e+14	1.000000e+00	1.000000e-10
4.991356e+14	1.000000e+00	1.000000e-10
4.998901e+14	1.000000e+00	1.000000e-10
4.999206e+14	1.000000e+00	1.000000e-10
5.006442e+14	1.000000e+00	1.000000e-10
5.010728e+14	1.000000e+00	1.000000e-10
5.013980e+14	1.000000e+00	1.000000e-10
5.021527e+14	1.000000e+00	1.000000e-10
5.022289e+14	1.000000e+00	1.000000e-10
5.029056e+14	1.000000e+00	1.000000e-10
5.033864e+14	1.000000e+00	1.000000e-10
5.036608e+14	1.000000e+00	1.000000e-10
5.044142e+14	1.000000e+00	1.000000e-10
5.045465e+14	1.000000e+00	1.000000e-10
5.051685e+14	1.000000e+00	1.000000e-10
5.057093e+14	1.000000e+00	1.000000e-10
5.059224e+14	1.000000e+00	1.000000e-10
5.066758e+14	1.000000e+00	1.000000e-10
5.068761e+14	1.000000e+00	1.000000e-10
5.074301e+14	1.000000e+00	1.000000e-10
5.080442e+14	1.000000e+00	1.000000e-10
5.081839e+14	1.000000e+00	1.000000e-10
5.089385e+14	1.000000e+00	1.000000e-10
5.092149e+14	1.000000e+00	1.000000e-10
5.096927e+14	1.000000e+00	1.000000e-10
5.103896e+14	1.000000e+00	1.000000e-10
5.104463e+14	1.000000e+00	1.000000e-10
5.111994e+14	1.000000e+00	1.000000e-10
5.115656e+14	1.000000e+00	1.000000e-10
5.119533e+14	1.000000e+00	1.000000e-10
5.127080e+14	1.000000e+00	1.000000e-10
5.127443e+14	1.000000e+00	1.000000e-10
5.134622e+14	1.000000e+00	1.000000e-10
5.139270e+14	1.000000e+00	1.000000e-10
5.142158e+14	1.000000e+00	1.000000e-10
5.149702e+14	1.000000e+00	1.000000e-10
5.151109e+14	1.000000e+00	1.000000e-10
5.157240e+14	1.000000e+00	1.000000e-10
5.162989e+14	1.000000e+00	1.000000e-10
5.164771e+14	1.000000e+00	1.000000e-10
5.172325e+14	1.000000e+00	1.000000e-10
5.174895e+14	1.000000e+00	1.000000e-10
5.179858e+14	1.000000e+00	1.000000e-10
5.186814e+14	1.000000e+00	1.000000e-10
5.187399e+14	1.000000e+00	1.000000e-10
5.194933e+14	1.000000e+00	1.000000e-10
5.198773e+14	1.000000e+00	1.000000e-10
5.202475e+14	1.000000e+00	1.000000e-10
5.210010e+14	1.000000e+00	1.000000e-10
5.210759e+14	1.000000e+00	1.000000e-10
5.217552e+14	1.000000e+00	1.000000e-10
5.222771e+14	1.000000e+00	1.000000e-10
5.225102e+14	1.000000e+00	1.000000e-10
5.232630e+14	1.000000e+00	1.000000e-10
5.234810e+14	1.000000e+00	1.000000e-10
5.240180e+14	1.000000e+00	1.000000e-10
5.246875e+14	1.000000e+00	1.000000e-10
5.247722e+14	1.000000e+00	1.000000e-10
5.255257e+14	1.000000e+00	1.000000e-10
5.258981e+14	1.000000e+00	1.000000e-10
5.262799e+14	1.000000e+00	1.000000e-10
5.270333e+14	1.000000e+00	1.000000e-10
5.271099e+14	1.000000e+00	1.000000e-10
5.277874e+14	1.000000e+00	1.000000e-10
5.283258e+14	1.000000e+00	1.000000e-10
5.285421e+14	1.000000e+00	1.000000e-10
5.292961e+14	1.000000e+00	1.000000e-10
5.295429e+14	1.000000e+00	1.000000e-10
5.300492e+14	1.000000e+00	1.000000e-10
5.307641e+14	1.000000e+00	1.000000e-10
5.308030e+14	1.000000e+00	1.000000e-10
5.315574e+14	1.000000e+00	1.000000e-10
5.319879e+14	1.000000e+00	1.000000e-10
5.323109e+14	1.000000e+00	1.000000e-10
5.330651e+14	1.000000e+00	1.000000e-10
5.332129e+14	1.000000e+00	1.000000e-10
5.338199e+14	1.000000e+00	1.000000e-10
5.344435e+14	1.000000e+00	1.000000e-10
5.345739e+14	1.000000e+00	1.000000e-10
5.353269e+14	1.000000e+00	1.000000e-10
5.356753e+14	1.000000e+00	1.000000e-10
5.360820e+14	1.000000e+00	1.000000e-10
5.368347e+14	1.000000e+00	1.000000e-10
5.369097e+14	1.000000e+00	1.000000e-10
5.375895e+14	1.000000e+00	1.000000e-10
5.381467e+14	1.000000e+00	1.000000e-10
5.383434e+14	1.000000e+00	1.000000e-10
5.390978e+14	1.000000e+00	1.000000e-10
5.393879e+14	1.000000e+00	1.000000e-10
5.398513e+14	1.000000e+00	1.000000e-10
5.406053e+14	1.000000e+00	1.000000e-10
5.406317e+14	1.000000e+00	1.000000e-10
5.413599e+14	1.000000e+00	1.000000e-10
5.418781e+14	1.000000e+00	1.000000e-10
5.421135e+14	1.000000e+00	1.000000e-10
5.428676e+14	1.000000e+00	1.000000e-10
5.431272e+14	1.000000e+00	1.000000e-10
5.436206e+14	1.000000e+00	1.000000e-10
5.443758e+14	1.000000e+00	1.000000e-10
5.443789e+14	1.000000e+00	1.000000e-10
5.451299e+14	1.000000e+00	1.000000e-10
5.456333e+14	1.000000e+00	1.000000e-10
5.458829e+14	1.000000e+00	1.000000e-10
5.466365e+14	1.000000e+00	1.000000e-10
5.468918e+14	1.000000e+00	1.000000e-10
5.473905e+14	1.000000e+00	1.000000e-10
5.481450e+14	1.000000e+00	1.000000e-10
5.481530e+14	1.000000e+00	1.000000e-10
5.488984e+14	1.000000e+00	1.000000e-10
5.494152e+14	1.000000e+00	1.000000e-10
5.496523e+14	1.000000e+00	1.000000e-10
5.504066e+14	1.000000e+00	1.000000e-10
5.506832e+14	1.000000e+00	1.000000e-10
5.511614e+14	1.000000e+00	1.000000e-10
5.519151e+14	1.000000e+00	1.000000e-10
5.519523e+14	1.000000e+00	1.000000e-10
5.526692e+14	1.000000e+00	1.000000e-10
5.532239e+14	1.000000e+00	1.000000e-10
5.534237e+14	1.000000e+00	1.000000e-10
5.541770e+14	1.000000e+00	1.000000e-10
5.544998e+14	1.000000e+00	1.000000e-10
5.549308e+14	1.000000e+00	1.000000e-10
5.556850e+14	1.000000e+00	1.000000e-10
5.557783e+14	1.000000e+00	1.000000e-10
5.564395e+14	1.000000e+00	1.000000e-10
5.570595e+14	1.000000e+00	1.000000e-10
5.571929e+14	1.000000e+00	1.000000e-10
5.579466e+14	1.000000e+00	1.000000e-10
5.583432e+14	1.000000e+00	1.000000e-10
5.587007e+14	1.000000e+00	1.000000e-10
5.594552e+14	1.000000e+00	1.000000e-10
5.596296e+14	1.000000e+00	1.000000e-10
5.602084e+14	1.000000e+00	1.000000e-10
5.609202e+14	1.000000e+00	1.000000e-10
5.609620e+14	1.000000e+00	1.000000e-10
5.617176e+14	1.000000e+00	1.000000e-10
5.622135e+14	1.000000e+00	1.000000e-10
5.624702e+14	1.000000e+00	1.000000e-10
5.632248e+14	1.000000e+00	1.000000e-10
5.635093e+14	1.000000e+00	1.000000e-10
5.639780e+14	1.000000e+00	1.000000e-10
5.647333e+14	1.000000e+00	1.000000e-10
5.648078e+14	1.000000e+00	1.000000e-10
5.654872e+14	1.000000e+00	1.000000e-10
5.661105e+14	1.000000e+00	1.000000e-10
5.662415e+14	1.000000e+00	1.000000e-10
5.669943e+14	1.000000e+00	1.000000e-10
5.674159e+14	1.000000e+00	1.000000e-10
5.677492e+14	1.000000e+00	1.000000e-10
5.685026e+14	1.000000e+00	1.000000e-10
5.687239e+14	1.000000e+00	1.000000e-10
5.692563e+14	1.000000e+00	1.000000e-10
5.700103e+14	1.000000e+00	1.000000e-10
5.700344e+14	1.000000e+00	1.000000e-10
5.707645e+14	1.000000e+00	1.000000e-10
5.713493e+14	1.000000e+00	1.000000e-10
5.715191e+14	1.000000e+00	1.000000e-10
5.722721e+14	1.000000e+00	1.000000e-10
5.726650e+14	1.000000e+00	1.000000e-10
5.730271e+14	1.000000e+00	1.000000e-10
5.737807e+14	1.000000e+00	1.000000e-10
5.739851e+14	1.000000e+00	1.000000e-10
5.745344e+14	1.000000e+00	1.000000e-10
5.752884e+14	1.000000e+00	1.000000e-10
5.753095e+14	1.000000e+00	1.000000e-10
5.760427e+14	1.000000e+00	1.000000e-10
5.766348e+14	1.000000e+00	1.000000e-10
5.767971e+14	1.000000e+00	1.000000e-10
5.775500e+14	1.000000e+00	1.000000e-10
5.779643e+14	1.000000e+00	1.000000e-10
5.783048e+14	1.000000e+00	1.000000e-10
5.790581e+14	1.000000e+00	1.000000e-10
5.792965e+14	1.000000e+00	1.000000e-10
5.798115e+14	1.000000e+00	1.000000e-10
5.805669e+14	1.000000e+00	1.000000e-10
5.806331e+14	1.000000e+00	1.000000e-10
5.813207e+14	1.000000e+00	1.000000e-10
5.819704e+14	1.000000e+00	1.000000e-10
5.820746e+14	1.000000e+00	1.000000e-10
5.828287e+14	1.000000e+00	1.000000e-10
5.833121e+14	1.000000e+00	1.000000e-10
5.835830e+14	1.000000e+00	1.000000e-10
5.843356e+14	1.000000e+00	1.000000e-10
5.846564e+14	1.000000e+00	1.000000e-10
5.850901e+14	1.000000e+00	1.000000e-10
5.858448e+14	1.000000e+00	1.000000e-10
5.860051e+14	1.000000e+00	1.000000e-10
5.865977e+14	1.000000e+00	1.000000e-10
5.873526e+14	1.000000e+00	1.000000e-10
5.873563e+14	1.000000e+00	1.000000e-10
5.881058e+14	1.000000e+00	1.000000e-10
5.887101e+14	1.000000e+00	1.000000e-10
5.888609e+14	1.000000e+00	1.000000e-10
5.896143e+14	1.000000e+00	1.000000e-10
5.900665e+14	1.000000e+00	1.000000e-10
5.903677e+14	1.000000e+00	1.000000e-10
5.911212e+14	1.000000e+00	1.000000e-10
5.914273e+14	1.000000e+00	1.000000e-10
5.918767e+14	1.000000e+00	1.000000e-10
5.926303e+14	1.000000e+00	1.000000e-10
5.927906e+14	1.000000e+00	1.000000e-10
5.933840e+14	1.000000e+00	1.000000e-10
5.941378e+14	1.000000e+00	1.000000e-10
5.941565e+14	1.000000e+00	1.000000e-10
5.948916e+14	1.000000e+00	1.000000e-10
5.955268e+14	1.000000e+00	1.000000e-10
5.956454e+14	1.000000e+00	1.000000e-10
5.963992e+14	1.000000e+00	1.000000e-10
5.968997e+14	1.000000e+00	1.000000e-10
5.971531e+14	1.000000e+00	1.000000e-10
5.979070e+14	1.000000e+00	1.000000e-10
5.982751e+14	1.000000e+00	1.000000e-10
5.986628e+14	1.000000e+00	1.000000e-10
5.994167e+14	1.000000e+00	1.000000e-10
5.996550e+14	1.000000e+00	1.000000e-10
6.001705e+14	1.000000e+00	1.000000e-10
6.009244e+14	1.000000e+00	1.000000e-10
6.010374e+14	1.000000e+00	1.000000e-10
6.016782e+14	1.000000e+00	1.000000e-10
6.024224e+14	1.000000e+00	1.000000e-10
6.024320e+14	1.000000e+00	1.000000e-10
6.031858e+14	1.000000e+00	1.000000e-10
6.038118e+14	1.000000e+00	1.000000e-10
6.039395e+14	1.000000e+00	1.000000e-10
6.046932e+14	1.000000e+00	1.000000e-10
6.052038e+14	1.000000e+00	1.000000e-10
6.054468e+14	1.000000e+00	1.000000e-10
6.062023e+14	1.000000e+00	1.000000e-10
6.065983e+14	1.000000e+00	1.000000e-10
6.069557e+14	1.000000e+00	1.000000e-10
6.077091e+14	1.000000e+00	1.000000e-10
6.079972e+14	1.000000e+00	1.000000e-10
6.084643e+14	1.000000e+00	1.000000e-10
6.092175e+14	1.000000e+00	1.000000e-10
6.093987e+14	1.000000e+00	1.000000e-10
6.099726e+14	1.000000e+00	1.000000e-10
6.107256e+14	1.000000e+00	1.000000e-10
6.108027e+14	1.000000e+00	1.000000e-10
6.114804e+14	1.000000e+00	1.000000e-10
6.122113e+14	1.000000e+00	1.000000e-10
6.122331e+14	1.000000e+00	1.000000e-10
6.129877e+14	1.000000e+00	1.000000e-10
6.136223e+14	1.000000e+00	1.000000e-10
6.137422e+14	1.000000e+00	1.000000e-10
6.144965e+14	1.000000e+00	1.000000e-10
6.150378e+14	1.000000e+00	1.000000e-10
6.152486e+14	1.000000e+00	1.000000e-10
6.160026e+14	1.000000e+00	1.000000e-10
6.164538e+14	1.000000e+00	1.000000e-10
6.167584e+14	1.000000e+00	1.000000e-10
6.175121e+14	1.000000e+00	1.000000e-10
6.178764e+14	1.000000e+00	1.000000e-10
6.182655e+14	1.000000e+00	1.000000e-10
6.190188e+14	1.000000e+00	1.000000e-10
6.192995e+14	1.000000e+00	1.000000e-10
6.197739e+14	1.000000e+00	1.000000e-10
6.205268e+14	1.000000e+00	1.000000e-10
6.207270e+14	1.000000e+00	1.000000e-10
6.212815e+14	1.000000e+00	1.000000e-10
6.220360e+14	1.000000e+00	1.000000e-10
6.221592e+14	1.000000e+00	1.000000e-10
6.227902e+14	1.000000e+00	1.000000e-10
6.235443e+14	1.000000e+00	1.000000e-10
6.235938e+14	1.000000e+00	1.000000e-10
6.242981e+14	1.000000e+00	1.000000e-10
6.250309e+14	1.000000e+00	1.000000e-10
6.250516e+14	1.000000e+00	1.000000e-10
6.258049e+14	1.000000e+00	1.000000e-10
6.264704e+14	1.000000e+00	1.000000e-10
6.265600e+14	1.000000e+00	1.000000e-10
6.273127e+14	1.000000e+00	1.000000e-10
6.279146e+14	1.000000e+00	1.000000e-10
6.280673e+14	1.000000e+00	1.000000e-10
6.288216e+14	1.000000e+00	1.000000e-10
6.293633e+14	1.000000e+00	1.000000e-10
6.295756e+14	1.000000e+00	1.000000e-10
6.303293e+14	1.000000e+00	1.000000e-10
6.308145e+14	1.000000e+00	1.000000e-10
6.310827e+14	1.000000e+00	1.000000e-10
6.318379e+14	1.000000e+00	1.000000e-10
6.322681e+14	1.000000e+00	1.000000e-10
6.325906e+14	1.000000e+00	1.000000e-10
6.333452e+14	1.000000e+00	1.000000e-10
6.337263e+14	1.000000e+00	1.000000e-10
6.340126e+14	1.000000e+00	1.000000e-10
6.340994e+14	1.000000e+00	1.000000e-10
6.348533e+14	1.000000e+00	1.000000e-10
6.351870e+14	1.000000e+00	1.000000e-10
6.356068e+14	1.000000e+00	1.000000e-10
6.363600e+14	1.000000e+00	1.000000e-10
6.366502e+14	1.000000e+00	1.000000e-10
6.371150e+14	1.000000e+00	1.000000e-10
6.378696e+14	1.000000e+00	1.000000e-10
6.381179e+14	1.000000e+00	1.000000e-10
6.386238e+14	1.000000e+00	1.000000e-10
6.393776e+14	1.000000e+00	1.000000e-10
6.395902e+14	1.000000e+00	1.000000e-10
6.401311e+14	1.000000e+00	1.000000e-10
6.408841e+14	1.000000e+00	1.000000e-10
6.410629e+14	1.000000e+00	1.000000e-10
6.416390e+14	1.000000e+00	1.000000e-10
6.423934e+14	1.000000e+00	1.000000e-10
6.425423e+14	1.000000e+00	1.000000e-10
6.431474e+14	1.000000e+00	1.000000e-10
6.439009e+14	1.000000e+00	1.000000e-10
6.440219e+14	1.000000e+00	1.000000e-10
6.446541e+14	1.000000e+00	1.000000e-10
6.454090e+14	1.000000e+00	1.000000e-10
6.455084e+14	1.000000e+00	1.000000e-10
6.461634e+14	1.000000e+00	1.000000e-10
6.469174e+14	1.000000e+00	1.000000e-10
6.469951e+14	1.000000e+00	1.000000e-10
6.476709e+14	1.000000e+00	1.000000e-10
6.484240e+14	1.000000e+00	1.000000e-10
6.484865e+14	1.000000e+00	1.000000e-10
6.491788e+14	1.000000e+00	1.000000e-10
6.499331e+14	1.000000e+00	1.000000e-10
6.499824e+14	1.000000e+00	1.000000e-10
6.506870e+14	1.000000e+00	1.000000e-10
6.514403e+14	1.000000e+00	1.000000e-10
6.514808e+14	1.000000e+00	1.000000e-10
6.521954e+14	1.000000e+00	1.000000e-10
6.529477e+14	1.000000e+00	1.000000e-10
6.529816e+14	1.000000e+00	1.000000e-10
6.537018e+14	1.000000e+00	1.000000e-10
6.544576e+14	1.000000e+00	1.000000e-10
6.544871e+14	1.000000e+00	1.000000e-10
6.552106e+14	1.000000e+00	1.000000e-10
6.559653e+14	1.000000e+00	1.000000e-10
6.559972e+14	1.000000e+00	1.000000e-10
6.567195e+14	1.000000e+00	1.000000e-10
6.574731e+14	1.000000e+00	1.000000e-10
6.575075e+14	1.000000e+00	1.000000e-10
6.582261e+14	1.000000e+00	1.000000e-10
6.589809e+14	1.000000e+00	1.000000e-10
6.590247e+14	1.000000e+00	1.000000e-10
6.597351e+14	1.000000e+00	1.000000e-10
6.604887e+14	1.000000e+00	1.000000e-10
6.605443e+14	1.000000e+00	1.000000e-10
6.612418e+14	1.000000e+00	1.000000e-10
6.619965e+14	1.000000e+00	1.000000e-10
6.620663e+14	1.000000e+00	1.000000e-10
6.627506e+14	1.000000e+00	1.000000e-10
6.635042e+14	1.000000e+00	1.000000e-10
6.635929e+14	1.000000e+00	1.000000e-10
6.642594e+14	1.000000e+00	1.000000e-10
6.650117e+14	1.000000e+00	1.000000e-10
6.651219e+14	1.000000e+00	1.000000e-10
6.657656e+14	1.000000e+00	1.000000e-10
6.665213e+14	1.000000e+00	1.000000e-10
6.666557e+14	1.000000e+00	1.000000e-10
6.672740e+14	1.000000e+00	1.000000e-10
6.680284e+14	1.000000e+00	1.000000e-10
6.681918e+14	1.000000e+00	1.000000e-10
6.687821e+14	1.000000e+00	1.000000e-10
6.695351e+14	1.000000e+00	1.000000e-10
6.697326e+14	1.000000e+00	1.000000e-10
6.702898e+14	1.000000e+00	1.000000e-10
6.710439e+14	1.000000e+00	1.000000e-10
6.712757e+14	1.000000e+00	1.000000e-10
6.717972e+14	1.000000e+00	1.000000e-10
6.725523e+14	1.000000e+00	1.000000e-10
6.728236e+14	1.000000e+00	1.000000e-10
6.733066e+14	1.000000e+00	1.000000e-10
6.740603e+14	1.000000e+00	1.000000e-10
6.743738e+14	1.000000e+00	1.000000e-10
6.748132e+14	1.000000e+00	1.000000e-10
6.755677e+14	1.000000e+00	1.000000e-10
6.759287e+14	1.000000e+00	1.000000e-10
6.763216e+14	1.000000e+00	1.000000e-10
6.770771e+14	1.000000e+00	1.000000e-10
6.774884e+14	1.000000e+00	1.000000e-10
6.778295e+14	1.000000e+00	1.000000e-10
6.785835e+14	1.000000e+00	1.000000e-10
6.790504e+14	1.000000e+00	1.000000e-10
6.793392e+14	1.000000e+00	1.000000e-10
6.800916e+14	1.000000e+00	1.000000e-10
6.806147e+14	1.000000e+00	1.000000e-10
6.808458e+14	1.000000e+00	1.000000e-10
6.815991e+14	1.000000e+00	1.000000e-10
6.821838e+14	1.000000e+00	1.000000e-10
6.823542e+14	1.000000e+00	1.000000e-10
6.831084e+14	1.000000e+00	1.000000e-10
6.837551e+14	1.000000e+00	1.000000e-10
6.838618e+14	1.000000e+00	1.000000e-10
6.846169e+14	1.000000e+00	1.000000e-10
6.853312e+14	1.000000e+00	1.000000e-10
6.853686e+14	1.000000e+00	1.000000e-10
6.861245e+14	1.000000e+00	1.000000e-10
6.868771e+14	1.000000e+00	1.000000e-10
6.869121e+14	1.000000e+00	1.000000e-10
6.876313e+14	1.000000e+00	1.000000e-10
6.883847e+14	1.000000e+00	1.000000e-10
6.884953e+14	1.000000e+00	1.000000e-10
6.891397e+14	1.000000e+00	1.000000e-10
6.898939e+14	1.000000e+00	1.000000e-10
6.900833e+14	1.000000e+00	1.000000e-10
6.906471e+14	1.000000e+00	1.000000e-10
6.914021e+14	1.000000e+00	1.000000e-10
6.916735e+14	1.000000e+00	1.000000e-10
6.921561e+14	1.000000e+00	1.000000e-10
6.929092e+14	1.000000e+00	1.000000e-10
6.932686e+14	1.000000e+00	1.000000e-10
6.936640e+14	1.000000e+00	1.000000e-10
6.944179e+14	1.000000e+00	1.000000e-10
6.948658e+14	1.000000e+00	1.000000e-10
6.951708e+14	1.000000e+00	1.000000e-10
6.959254e+14	1.000000e+00	1.000000e-10
6.964679e+14	1.000000e+00	1.000000e-10
6.966790e+14	1.000000e+00	1.000000e-10
6.974343e+14	1.000000e+00	1.000000e-10
6.980748e+14	1.000000e+00	1.000000e-10
6.981886e+14	1.000000e+00	1.000000e-10
6.989420e+14	1.000000e+00	1.000000e-10
6.996840e+14	1.000000e+00	1.000000e-10
6.996944e+14	1.000000e+00	1.000000e-10
7.004484e+14	1.000000e+00	1.000000e-10
7.012040e+14	1.000000e+00	1.000000e-10
7.012953e+14	1.000000e+00	1.000000e-10
7.019587e+14	1.000000e+00	1.000000e-10
7.027123e+14	1.000000e+00	1.000000e-10
7.029115e+14	1.000000e+00	1.000000e-10
7.034650e+14	1.000000e+00	1.000000e-10
7.042193e+14	1.000000e+00	1.000000e-10
7.045325e+14	1.000000e+00	1.000000e-10
7.049725e+14	1.000000e+00	1.000000e-10
7.057274e+14	1.000000e+00	1.000000e-10
7.061557e+14	1.000000e+00	1.000000e-10
7.064813e+14	1.000000e+00	1.000000e-10
7.072341e+14	1.000000e+00	1.000000e-10
7.077838e+14	1.000000e+00	1.000000e-10
7.079885e+14	1.000000e+00	1.000000e-10
7.087445e+14	1.000000e+00	1.000000e-10
7.094167e+14	1.000000e+00	1.000000e-10
7.094968e+14	1.000000e+00	1.000000e-10
7.102507e+14	1.000000e+00	1.000000e-10
7.110062e+14	1.000000e+00	1.000000e-10
7.110518e+14	1.000000e+00	1.000000e-10
7.117579e+14	1.000000e+00	1.000000e-10
7.125139e+14	1.000000e+00	1.000000e-10
7.126917e+14	1.000000e+00	1.000000e-10
7.132662e+14	1.000000e+00	1.000000e-10
7.140200e+14	1.000000e+00	1.000000e-10
7.143339e+14	1.000000e+00	1.000000e-10
7.147754e+14	1.000000e+00	1.000000e-10
7.155297e+14	1.000000e+00	1.000000e-10
7.159808e+14	1.000000e+00	1.000000e-10
7.162828e+14	1.000000e+00	1.000000e-10
7.170376e+14	1.000000e+00	1.000000e-10
7.176300e+14	1.000000e+00	1.000000e-10
7.177912e+14	1.000000e+00	1.000000e-10
7.185464e+14	1.000000e+00	1.000000e-10
7.192867e+14	1.000000e+00	1.000000e-10
7.192977e+14	1.000000e+00	1.000000e-10
7.200533e+14	1.000000e+00	1.000000e-10
7.208078e+14	1.000000e+00	1.000000e-10
7.209429e+14	1.000000e+00	1.000000e-10
7.215611e+14	1.000000e+00	1.000000e-10
7.223159e+14	1.000000e+00	1.000000e-10
7.226067e+14	1.000000e+00	1.000000e-10
7.230696e+14	1.000000e+00	1.000000e-10
7.238220e+14	1.000000e+00	1.000000e-10
7.242726e+14	1.000000e+00	1.000000e-10
7.245760e+14	1.000000e+00	1.000000e-10
7.253316e+14	1.000000e+00	1.000000e-10
7.259406e+14	1.000000e+00	1.000000e-10
7.260860e+14	1.000000e+00	1.000000e-10
7.268392e+14	1.000000e+00	1.000000e-10
7.275939e+14	1.000000e+00	1.000000e-10
7.276135e+14	1.000000e+00	1.000000e-10
7.283473e+14	1.000000e+00	1.000000e-10
7.290995e+14	1.000000e+00	1.000000e-10
7.292913e+14	1.000000e+00	1.000000e-10
7.298561e+14	1.000000e+00	1.000000e-10
7.306086e+14	1.000000e+00	1.000000e-10
7.309741e+14	1.000000e+00	1.000000e-10
7.313627e+14	1.000000e+00	1.000000e-10
7.321154e+14	1.000000e+00	1.000000e-10
7.326589e+14	1.000000e+00	1.000000e-10
7.328697e+14	1.000000e+00	1.000000e-10
7.336256e+14	1.000000e+00	1.000000e-10
7.343458e+14	1.000000e+00	1.000000e-10
7.343773e+14	1.000000e+00	1.000000e-10
7.351334e+14	1.000000e+00	1.000000e-10
7.358853e+14	1.000000e+00	1.000000e-10
7.360405e+14	1.000000e+00	1.000000e-10
7.366417e+14	1.000000e+00	1.000000e-10
7.373938e+14	1.000000e+00	1.000000e-10
7.377373e+14	1.000000e+00	1.000000e-10
7.381475e+14	1.000000e+00	1.000000e-10
7.389027e+14	1.000000e+00	1.000000e-10
7.394361e+14	1.000000e+00	1.000000e-10
7.396566e+14	1.000000e+00	1.000000e-10
7.404120e+14	1.000000e+00	1.000000e-10
7.411427e+14	1.000000e+00	1.000000e-10
7.411660e+14	1.000000e+00	1.000000e-10
7.419186e+14	1.000000e+00	1.000000e-10
7.426728e+14	1.000000e+00	1.000000e-10
7.428514e+14	1.000000e+00	1.000000e-10
7.434256e+14	1.000000e+00	1.000000e-10
7.441799e+14	1.000000e+00	1.000000e-10
7.445620e+14	1.000000e+00	1.000000e-10
7.449357e+14	1.000000e+00	1.000000e-10
7.456872e+14	1.000000e+00	1.000000e-10
7.462777e+14	1.000000e+00	1.000000e-10
7.464432e+14	1.000000e+00	1.000000e-10
7.471977e+14	1.000000e+00	1.000000e-10
7.479508e+14	1.000000e+00	1.000000e-10
7.479983e+14	1.000000e+00	1.000000e-10
7.487054e+14	1.000000e+00	1.000000e-10
7.494585e+14	1.000000e+00	1.000000e-10
7.497238e+14	1.000000e+00	1.000000e-10
7.502132e+14	1.000000e+00	1.000000e-10
7.509664e+14	1.000000e+00	1.000000e-10
7.514513e+14	1.000000e+00	1.000000e-10
7.517211e+14	1.000000e+00	1.000000e-10
7.524743e+14	1.000000e+00	1.000000e-10
7.531839e+14	1.000000e+00	1.000000e-10
7.532290e+14	1.000000e+00	1.000000e-10
7.539822e+14	1.000000e+00	1.000000e-10
7.547370e+14	1.000000e+00	1.000000e-10
7.549214e+14	1.000000e+00	1.000000e-10
7.554902e+14	1.000000e+00	1.000000e-10
7.562449e+14	1.000000e+00	1.000000e-10
7.566608e+14	1.000000e+00	1.000000e-10
7.569981e+14	1.000000e+00	1.000000e-10
7.577528e+14	1.000000e+00	1.000000e-10
7.584053e+14	1.000000e+00	1.000000e-10
7.585060e+14	1.000000e+00	1.000000e-10
7.592606e+14	1.000000e+00	1.000000e-10
7.600137e+14	1.000000e+00	1.000000e-10
7.601547e+14	1.000000e+00	1.000000e-10
7.607683e+14	1.000000e+00	1.000000e-10
7.615213e+14	1.000000e+00	1.000000e-10
7.619061e+14	1.000000e+00	1.000000e-10
7.622758e+14	1.000000e+00	1.000000e-10
7.630287e+14	1.000000e+00	1.000000e-10
7.636624e+14	1.000000e+00	1.000000e-10
7.637831e+14	1.000000e+00	1.000000e-10
7.645390e+14	1.000000e+00	1.000000e-10
7.652933e+14	1.000000e+00	1.000000e-10
7.654238e+14	1.000000e+00	1.000000e-10
7.660459e+14	1.000000e+00	1.000000e-10
7.668001e+14	1.000000e+00	1.000000e-10
7.671871e+14	1.000000e+00	1.000000e-10
7.675526e+14	1.000000e+00	1.000000e-10
7.683065e+14	1.000000e+00	1.000000e-10
7.689553e+14	1.000000e+00	1.000000e-10
7.690620e+14	1.000000e+00	1.000000e-10
7.698158e+14	1.000000e+00	1.000000e-10
7.705711e+14	1.000000e+00	1.000000e-10
7.707286e+14	1.000000e+00	1.000000e-10
7.713247e+14	1.000000e+00	1.000000e-10
7.720766e+14	1.000000e+00	1.000000e-10
7.725038e+14	1.000000e+00	1.000000e-10
7.728332e+14	1.000000e+00	1.000000e-10
7.735849e+14	1.000000e+00	1.000000e-10
7.742871e+14	1.000000e+00	1.000000e-10
7.743412e+14	1.000000e+00	1.000000e-10
7.750927e+14	1.000000e+00	1.000000e-10
7.758488e+14	1.000000e+00	1.000000e-10
7.760692e+14	1.000000e+00	1.000000e-10
7.766031e+14	1.000000e+00	1.000000e-10
7.773558e+14	1.000000e+00	1.000000e-10
7.778594e+14	1.000000e+00	1.000000e-10
7.781099e+14	1.000000e+00	1.000000e-10
7.788622e+14	1.000000e+00	1.000000e-10
7.796192e+14	1.000000e+00	1.000000e-10
7.796515e+14	1.000000e+00	1.000000e-10
7.803713e+14	1.000000e+00	1.000000e-10
7.811248e+14	1.000000e+00	1.000000e-10
7.814486e+14	1.000000e+00	1.000000e-10
7.818797e+14	1.000000e+00	1.000000e-10
7.826329e+14	1.000000e+00	1.000000e-10
7.832508e+14	1.000000e+00	1.000000e-10
7.833875e+14	1.000000e+00	1.000000e-10
7.841403e+14	1.000000e+00	1.000000e-10
7.848945e+14	1.000000e+00	1.000000e-10
7.850580e+14	1.000000e+00	1.000000e-10
7.856502e+14	1.000000e+00	1.000000e-10
7.864041e+14	1.000000e+00	1.000000e-10
7.868670e+14	1.000000e+00	1.000000e-10
7.871561e+14	1.000000e+00	1.000000e-10
7.879129e+14	1.000000e+00	1.000000e-10
7.886645e+14	1.000000e+00	1.000000e-10
7.886810e+14	1.000000e+00	1.000000e-10
7.894209e+14	1.000000e+00	1.000000e-10
7.901721e+14	1.000000e+00	1.000000e-10
7.905002e+14	1.000000e+00	1.000000e-10
7.909281e+14	1.000000e+00	1.000000e-10
7.916821e+14	1.000000e+00	1.000000e-10
7.923211e+14	1.000000e+00	1.000000e-10
7.924343e+14	1.000000e+00	1.000000e-10
7.931879e+14	1.000000e+00	1.000000e-10
7.939430e+14	1.000000e+00	1.000000e-10
7.941470e+14	1.000000e+00	1.000000e-10
7.946961e+14	1.000000e+00	1.000000e-10
7.954507e+14	1.000000e+00	1.000000e-10
7.959780e+14	1.000000e+00	1.000000e-10
7.962067e+14	1.000000e+00	1.000000e-10
7.969607e+14	1.000000e+00	1.000000e-10
7.977129e+14	1.000000e+00	1.000000e-10
7.978141e+14	1.000000e+00	1.000000e-10
7.984664e+14	1.000000e+00	1.000000e-10
7.992214e+14	1.000000e+00	1.000000e-10
7.996520e+14	1.000000e+00	1.000000e-10
7.999744e+14	1.000000e+00	1.000000e-10
8.007288e+14	1.000000e+00	1.000000e-10
8.014846e+14	1.000000e+00	1.000000e-10
8.014949e+14	1.000000e+00	1.000000e-10
8.022385e+14	1.000000e+00	1.000000e-10
8.029903e+14	1.000000e+00	1.000000e-10
8.033428e+14	1.000000e+00	1.000000e-10
8.037436e+14	1.000000e+00	1.000000e-10
8.044983e+14	1.000000e+00	1.000000e-10
8.051959e+14	1.000000e+00	1.000000e-10
8.052544e+14	1.000000e+00	1.000000e-10
8.060085e+14	1.000000e+00	1.000000e-10
8.067605e+14	1.000000e+00	1.000000e-10
8.070507e+14	1.000000e+00	1.000000e-10
8.075140e+14	1.000000e+00	1.000000e-10
8.082688e+14	1.000000e+00	1.000000e-10
8.089105e+14	1.000000e+00	1.000000e-10
8.090216e+14	1.000000e+00	1.000000e-10
8.097758e+14	1.000000e+00	1.000000e-10
8.105314e+14	1.000000e+00	1.000000e-10
8.107754e+14	1.000000e+00	1.000000e-10
8.112849e+14	1.000000e+00	1.000000e-10
8.120398e+14	1.000000e+00	1.000000e-10
8.126455e+14	1.000000e+00	1.000000e-10
8.127927e+14	1.000000e+00	1.000000e-10
8.135469e+14	1.000000e+00	1.000000e-10
8.143025e+14	1.000000e+00	1.000000e-10
8.145207e+14	1.000000e+00	1.000000e-10
8.150560e+14	1.000000e+00	1.000000e-10
8.158074e+14	1.000000e+00	1.000000e-10
8.163975e+14	1.000000e+00	1.000000e-10
8.165637e+14	1.000000e+00	1.000000e-10
8.173178e+14	1.000000e+00	1.000000e-10
8.180698e+14	1.000000e+00	1.000000e-10
8.182794e+14	1.000000e+00	1.000000e-10
8.188232e+14	1.000000e+00	1.000000e-10
8.195780e+14	1.000000e+00	1.000000e-10
8.201664e+14	1.000000e+00	1.000000e-10
8.203341e+14	1.000000e+00	1.000000e-10
8.210881e+14	1.000000e+00	1.000000e-10
8.218399e+14	1.000000e+00	1.000000e-10
8.220550e+14	1.000000e+00	1.000000e-10
8.225931e+14	1.000000e+00	1.000000e-10
8.233476e+14	1.000000e+00	1.000000e-10
8.239523e+14	1.000000e+00	1.000000e-10
8.241036e+14	1.000000e+00	1.000000e-10
8.248573e+14	1.000000e+00	1.000000e-10
8.256087e+14	1.000000e+00	1.000000e-10
8.258511e+14	1.000000e+00	1.000000e-10
8.263652e+14	1.000000e+00	1.000000e-10
8.271194e+14	1.000000e+00	1.000000e-10
8.277551e+14	1.000000e+00	1.000000e-10
8.278714e+14	1.000000e+00	1.000000e-10
8.286248e+14	1.000000e+00	1.000000e-10
8.293795e+14	1.000000e+00	1.000000e-10
8.296606e+14	1.000000e+00	1.000000e-10
8.301356e+14	1.000000e+00	1.000000e-10
8.308894e+14	1.000000e+00	1.000000e-10
8.315748e+14	1.000000e+00	1.000000e-10
8.316409e+14	1.000000e+00	1.000000e-10
8.323974e+14	1.000000e+00	1.000000e-10
8.331516e+14	1.000000e+00	1.000000e-10
8.334906e+14	1.000000e+00	1.000000e-10
8.339036e+14	1.000000e+00	1.000000e-10
8.346568e+14	1.000000e+00	1.000000e-10
8.354115e+14	1.000000e+00	1.000000e-10
8.361675e+14	1.000000e+00	1.000000e-10
8.369211e+14	1.000000e+00	1.000000e-10
8.373375e+14	1.000000e+00	1.000000e-10
8.376724e+14	1.000000e+00	1.000000e-10
8.384288e+14	1.000000e+00	1.000000e-10
8.391828e+14	1.000000e+00	1.000000e-10
8.392687e+14	1.000000e+00	1.000000e-10
8.399344e+14	1.000000e+00	1.000000e-10
8.406911e+14	1.000000e+00	1.000000e-10
8.412051e+14	1.000000e+00	1.000000e-10
8.414454e+14	1.000000e+00	1.000000e-10
8.421974e+14	1.000000e+00	1.000000e-10
8.429506e+14	1.000000e+00	1.000000e-10
8.431429e+14	1.000000e+00	1.000000e-10
8.437052e+14	1.000000e+00	1.000000e-10
8.444612e+14	1.000000e+00	1.000000e-10
8.450859e+14	1.000000e+00	1.000000e-10
8.452147e+14	1.000000e+00	1.000000e-10
8.459696e+14	1.000000e+00	1.000000e-10
8.467220e+14	1.000000e+00	1.000000e-10
8.470340e+14	1.000000e+00	1.000000e-10
8.474758e+14	1.000000e+00	1.000000e-10
8.482309e+14	1.000000e+00	1.000000e-10
8.489835e+14	1.000000e+00	1.000000e-10
8.489873e+14	1.000000e+00	1.000000e-10
8.497375e+14	1.000000e+00	1.000000e-10
8.504928e+14	1.000000e+00	1.000000e-10
8.509458e+14	1.000000e+00	1.000000e-10
8.512456e+14	1.000000e+00	1.000000e-10
8.519997e+14	1.000000e+00	1.000000e-10
8.527552e+14	1.000000e+00	1.000000e-10
8.529056e+14	1.000000e+00	1.000000e-10
8.535081e+14	1.000000e+00	1.000000e-10
8.542624e+14	1.000000e+00	1.000000e-10
8.548707e+14	1.000000e+00	1.000000e-10
8.550141e+14	1.000000e+00	1.000000e-10
8.557711e+14	1.000000e+00	1.000000e-10
8.565255e+14	1.000000e+00	1.000000e-10
8.568447e+14	1.000000e+00	1.000000e-10
8.572773e+14	1.000000e+00	1.000000e-10
8.580304e+14	1.000000e+00	1.000000e-10
8.587849e+14	1.000000e+00	1.000000e-10
8.588201e+14	1.000000e+00	1.000000e-10
8.595407e+14	1.000000e+00	1.000000e-10
8.602939e+14	1.000000e+00	1.000000e-10
8.607968e+14	1.000000e+00	1.000000e-10
8.610484e+14	1.000000e+00	1.000000e-10
8.618004e+14	1.000000e+00	1.000000e-10
8.625575e+14	1.000000e+00	1.000000e-10
8.627826e+14	1.000000e+00	1.000000e-10
8.633081e+14	1.000000e+00	1.000000e-10
8.640640e+14	1.000000e+00	1.000000e-10
8.647696e+14	1.000000e+00	1.000000e-10
8.648172e+14	1.000000e+00	1.000000e-10
8.655717e+14	1.000000e+00	1.000000e-10
8.663236e+14	1.000000e+00	1.000000e-10
8.667658e+14	1.000000e+00	1.000000e-10
8.670808e+14	1.000000e+00	1.000000e-10
8.678353e+14	1.000000e+00	1.000000e-10
8.685871e+14	1.000000e+00	1.000000e-10
8.687632e+14	1.000000e+00	1.000000e-10
8.693402e+14	1.000000e+00	1.000000e-10
8.700946e+14	1.000000e+00	1.000000e-10
8.707659e+14	1.000000e+00	1.000000e-10
8.708504e+14	1.000000e+00	1.000000e-10
8.716034e+14	1.000000e+00	1.000000e-10
8.723577e+14	1.000000e+00	1.000000e-10
8.727737e+14	1.000000e+00	1.000000e-10
8.731133e+14	1.000000e+00	1.000000e-10
8.738662e+14	1.000000e+00	1.000000e-10
8.746204e+14	1.000000e+00	1.000000e-10
8.747868e+14	1.000000e+00	1.000000e-10
8.753718e+14	1.000000e+00	1.000000e-10
8.761286e+14	1.000000e+00	1.000000e-10
8.768010e+14	1.000000e+00	1.000000e-10
8.768826e+14	1.000000e+00	1.000000e-10
8.776338e+14	1.000000e+00	1.000000e-10
8.783904e+14	1.000000e+00	1.000000e-10
8.788245e+14	1.000000e+00	1.000000e-10
8.791442e+14	1.000000e+00	1.000000e-10
8.798952e+14	1.000000e+00	1.000000e-10
8.806516e+14	1.000000e+00	1.000000e-10
8.808492e+14	1.000000e+00	1.000000e-10
8.814052e+14	1.000000e+00	1.000000e-10
8.821601e+14	1.000000e+00	1.000000e-10
8.828790e+14	1.000000e+00	1.000000e-10
8.829121e+14	1.000000e+00	1.000000e-10
8.836654e+14	1.000000e+00	1.000000e-10
8.844200e+14	1.000000e+00	1.000000e-10
8.849141e+14	1.000000e+00	1.000000e-10
8.851759e+14	1.000000e+00	1.000000e-10
8.859290e+14	1.000000e+00	1.000000e-10
8.866833e+14	1.000000e+00	1.000000e-10
8.869544e+14	1.000000e+00	1.000000e-10
8.874388e+14	1.000000e+00	1.000000e-10
8.881915e+14	1.000000e+00	1.000000e-10
8.889455e+14	1.000000e+00	1.000000e-10
8.890000e+14	1.000000e+00	1.000000e-10
8.897007e+14	1.000000e+00	1.000000e-10
8.904531e+14	1.000000e+00	1.000000e-10
8.910466e+14	1.000000e+00	1.000000e-10
8.912067e+14	1.000000e+00	1.000000e-10
8.919616e+14	1.000000e+00	1.000000e-10
8.927135e+14	1.000000e+00	1.000000e-10
8.931026e+14	1.000000e+00	1.000000e-10
8.934709e+14	1.000000e+00	1.000000e-10
8.942212e+14	1.000000e+00	1.000000e-10
8.949769e+14	1.000000e+00	1.000000e-10
8.951597e+14	1.000000e+00	1.000000e-10
8.957297e+14	1.000000e+00	1.000000e-10
8.964837e+14	1.000000e+00	1.000000e-10
8.972262e+14	1.000000e+00	1.000000e-10
8.972390e+14	1.000000e+00	1.000000e-10
8.979913e+14	1.000000e+00	1.000000e-10
8.987449e+14	1.000000e+00	1.000000e-10
8.992937e+14	1.000000e+00	1.000000e-10
8.994997e+14	1.000000e+00	1.000000e-10
9.002558e+14	1.000000e+00	1.000000e-10
9.010089e+14	1.000000e+00	1.000000e-10
9.013665e+14	1.000000e+00	1.000000e-10
9.017632e+14	1.000000e+00	1.000000e-10
9.025188e+14	1.000000e+00	1.000000e-10
9.032713e+14	1.000000e+00	1.000000e-10
9.034445e+14	1.000000e+00	1.000000e-10
9.040251e+14	1.000000e+00	1.000000e-10
9.047801e+14	1.000000e+00	1.000000e-10
9.055277e+14	1.000000e+00	1.000000e-10
9.055321e+14	1.000000e+00	1.000000e-10
9.062853e+14	1.000000e+00	1.000000e-10
9.070398e+14	1.000000e+00	1.000000e-10
9.076163e+14	1.000000e+00	1.000000e-10
9.077955e+14	1.000000e+00	1.000000e-10
9.085481e+14	1.000000e+00	1.000000e-10
9.093019e+14	1.000000e+00	1.000000e-10
9.097057e+14	1.000000e+00	1.000000e-10
9.100570e+14	1.000000e+00	1.000000e-10
9.108090e+14	1.000000e+00	1.000000e-10
9.110769e+14	1.000000e+00	1.000000e-10
9.115666e+14	1.000000e+00	1.000000e-10
9.118047e+14	1.000000e+00	1.000000e-10
9.123166e+14	1.000000e+00	1.000000e-10
9.130723e+14	1.000000e+00	1.000000e-10
9.138248e+14	1.000000e+00	1.000000e-10
9.139046e+14	1.000000e+00	1.000000e-10
9.145786e+14	1.000000e+00	1.000000e-10
9.153336e+14	1.000000e+00	1.000000e-10
9.160141e+14	1.000000e+00	1.000000e-10
9.160898e+14	1.000000e+00	1.000000e-10
9.168429e+14	1.000000e+00	1.000000e-10
9.175971e+14	1.000000e+00	1.000000e-10
9.181245e+14	1.000000e+00	1.000000e-10
9.183482e+14	1.000000e+00	1.000000e-10
9.191050e+14	1.000000e+00	1.000000e-10
9.198585e+14	1.000000e+00	1.000000e-10
9.202402e+14	1.000000e+00	1.000000e-10
9.206132e+14	1.000000e+00	1.000000e-10
9.213647e+14	1.000000e+00	1.000000e-10
9.221220e+14	1.000000e+00	1.000000e-10
9.223611e+14	1.000000e+00	1.000000e-10
9.228759e+14	1.000000e+00	1.000000e-10
9.236266e+14	1.000000e+00	1.000000e-10
9.243830e+14	1.000000e+00	1.000000e-10
9.244873e+14	1.000000e+00	1.000000e-10
9.251361e+14	1.000000e+00	1.000000e-10
9.258905e+14	1.000000e+00	1.000000e-10
9.266187e+14	1.000000e+00	1.000000e-10
9.266460e+14	1.000000e+00	1.000000e-10
9.273983e+14	1.000000e+00	1.000000e-10
9.281518e+14	1.000000e+00	1.000000e-10
9.287554e+14	1.000000e+00	1.000000e-10
9.289065e+14	1.000000e+00	1.000000e-10
9.296578e+14	1.000000e+00	1.000000e-10
9.304150e+14	1.000000e+00	1.000000e-10
9.308974e+14	1.000000e+00	1.000000e-10
9.311688e+14	1.000000e+00	1.000000e-10
9.319238e+14	1.000000e+00	1.000000e-10
9.326754e+14	1.000000e+00	1.000000e-10
9.330401e+14	1.000000e+00	1.000000e-10
9.334282e+14	1.000000e+00	1.000000e-10
9.341823e+14	1.000000e+00	1.000000e-10
9.349375e+14	1.000000e+00	1.000000e-10
9.351926e+14	1.000000e+00	1.000000e-10
9.356940e+14	1.000000e+00	1.000000e-10
9.364471e+14	1.000000e+00	1.000000e-10
9.372014e+14	1.000000e+00	1.000000e-10
9.373505e+14	1.000000e+00	1.000000e-10
9.379522e+14	1.000000e+00	1.000000e-10
9.387089e+14	1.000000e+00	1.000000e-10
9.394621e+14	1.000000e+00	1.000000e-10
9.395089e+14	1.000000e+00	1.000000e-10
9.402166e+14	1.000000e+00	1.000000e-10
9.409675e+14	1.000000e+00	1.000000e-10
9.416774e+14	1.000000e+00	1.000000e-10
9.417244e+14	1.000000e+00	1.000000e-10
9.424778e+14	1.000000e+00	1.000000e-10
9.432324e+14	1.000000e+00	1.000000e-10
9.438464e+14	1.000000e+00	1.000000e-10
9.439834e+14	1.000000e+00	1.000000e-10
9.447404e+14	1.000000e+00	1.000000e-10
9.454939e+14	1.000000e+00	1.000000e-10
9.460206e+14	1.000000e+00	1.000000e-10
9.462486e+14	1.000000e+00	1.000000e-10
9.469997e+14	1.000000e+00	1.000000e-10
9.477568e+14	1.000000e+00	1.000000e-10
9.482050e+14	1.000000e+00	1.000000e-10
9.485103e+14	1.000000e+00	1.000000e-10
9.492650e+14	1.000000e+00	1.000000e-10
9.500162e+14	1.000000e+00	1.000000e-10
9.503898e+14	1.000000e+00	1.000000e-10
9.507733e+14	1.000000e+00	1.000000e-10
9.515268e+14	1.000000e+00	1.000000e-10
9.522815e+14	1.000000e+00	1.000000e-10
9.525799e+14	1.000000e+00	1.000000e-10
9.530326e+14	1.000000e+00	1.000000e-10
9.537897e+14	1.000000e+00	1.000000e-10
9.545432e+14	1.000000e+00	1.000000e-10
9.547753e+14	1.000000e+00	1.000000e-10
9.552979e+14	1.000000e+00	1.000000e-10
9.560489e+14	1.000000e+00	1.000000e-10
9.568011e+14	1.000000e+00	1.000000e-10
9.569760e+14	1.000000e+00	1.000000e-10
9.575594e+14	1.000000e+00	1.000000e-10
9.583091e+14	1.000000e+00	1.000000e-10
9.590648e+14	1.000000e+00	1.000000e-10
9.591819e+14	1.000000e+00	1.000000e-10
9.598218e+14	1.000000e+00	1.000000e-10
9.605750e+14	1.000000e+00	1.000000e-10
9.613295e+14	1.000000e+00	1.000000e-10
9.613932e+14	1.000000e+00	1.000000e-10
9.620802e+14	1.000000e+00	1.000000e-10
9.628370e+14	1.000000e+00	1.000000e-10
9.635901e+14	1.000000e+00	1.000000e-10
9.636098e+14	1.000000e+00	1.000000e-10
9.643443e+14	1.000000e+00	1.000000e-10
9.650948e+14	1.000000e+00	1.000000e-10
9.658316e+14	1.000000e+00	1.000000e-10
9.658514e+14	1.000000e+00	1.000000e-10
9.666042e+14	1.000000e+00	1.000000e-10
9.673583e+14	1.000000e+00	1.000000e-10
9.680587e+14	1.000000e+00	1.000000e-10
9.681134e+14	1.000000e+00	1.000000e-10
9.688648e+14	1.000000e+00	1.000000e-10
9.696224e+14	1.000000e+00	1.000000e-10
9.702912e+14	1.000000e+00	1.000000e-10
9.703761e+14	1.000000e+00	1.000000e-10
9.711310e+14	1.000000e+00	1.000000e-10
9.718821e+14	1.000000e+00	1.000000e-10
9.725239e+14	1.000000e+00	1.000000e-10
9.726393e+14	1.000000e+00	1.000000e-10
9.733927e+14	1.000000e+00	1.000000e-10
9.741473e+14	1.000000e+00	1.000000e-10
9.747670e+14	1.000000e+00	1.000000e-10
9.748980e+14	1.000000e+00	1.000000e-10
9.756549e+14	1.000000e+00	1.000000e-10
9.764080e+14	1.000000e+00	1.000000e-10
9.770153e+14	1.000000e+00	1.000000e-10
9.771622e+14	1.000000e+00	1.000000e-10
9.779125e+14	1.000000e+00	1.000000e-10
9.786690e+14	1.000000e+00	1.000000e-10
9.792689e+14	1.000000e+00	1.000000e-10
9.794216e+14	1.000000e+00	1.000000e-10
9.801753e+14	1.000000e+00	1.000000e-10
9.809303e+14	1.000000e+00	1.000000e-10
9.815228e+14	1.000000e+00	1.000000e-10
9.816863e+14	1.000000e+00	1.000000e-10
9.824385e+14	1.000000e+00	1.000000e-10
9.831918e+14	1.000000e+00	1.000000e-10
9.837870e+14	1.000000e+00	1.000000e-10
9.839462e+14	1.000000e+00	1.000000e-10
9.847018e+14	1.000000e+00	1.000000e-10
9.854534e+14	1.000000e+00	1.000000e-10
9.860566e+14	1.000000e+00	1.000000e-10
9.862113e+14	1.000000e+00	1.000000e-10
9.869653e+14	1.000000e+00	1.000000e-10
9.877151e+14	1.000000e+00	1.000000e-10
9.883263e+14	1.000000e+00	1.000000e-10
9.884714e+14	1.000000e+00	1.000000e-10
9.892236e+14	1.000000e+00	1.000000e-10
9.899769e+14	1.000000e+00	1.000000e-10
9.906064e+14	1.000000e+00	1.000000e-10
9.907314e+14	1.000000e+00	1.000000e-10
9.914870e+14	1.000000e+00	1.000000e-10
9.922386e+14	1.000000e+00	1.000000e-10
9.928919e+14	1.000000e+00	1.000000e-10
9.929965e+14	1.000000e+00	1.000000e-10
9.937503e+14	1.000000e+00	1.000000e-10
9.945001e+14	1.000000e+00	1.000000e-10
9.951774e+14	1.000000e+00	1.000000e-10
9.952562e+14	1.000000e+00	1.000000e-10
9.960083e+14	1.000000e+00	1.000000e-10
9.967667e+14	1.000000e+00	1.000000e-10
9.974735e+14	1.000000e+00	1.000000e-10
9.975210e+14	1.000000e+00	1.000000e-10
9.982712e+14	1.000000e+00	1.000000e-10
9.990278e+14	1.000000e+00	1.000000e-10
9.997749e+14	1.000000e+00	1.000000e-10
9.997802e+14	1.000000e+00	1.000000e-10
1.000534e+15	1.000000e+00	1.000000e-10
1.001288e+15	1.000000e+00	1.000000e-10
1.002044e+15	1.000000e+00	1.000000e-10
1.002076e+15	1.000000e+00	1.000000e-10
1.002796e+15	1.000000e+00	1.000000e-10
1.003549e+15	1.000000e+00	1.000000e-10
1.004303e+15	1.000000e+00	1.000000e-10
1.004388e+15	1.000000e+00	1.000000e-10
1.005058e+15	1.000000e+00	1.000000e-10
1.005814e+15	1.000000e+00	1.000000e-10
1.006566e+15	1.000000e+00	1.000000e-10
1.006700e+15	1.000000e+00	1.000000e-10
1.007319e+15	1.000000e+00	1.000000e-10
1.008073e+15	1.000000e+00	1.000000e-10
1.008828e+15	1.000000e+00	1.000000e-10
1.009023e+15	1.000000e+00	1.000000e-10
1.009585e+15	1.000000e+00	1.000000e-10
1.010337e+15	1.000000e+00	1.000000e-10
1.011090e+15	1.000000e+00	1.000000e-10
1.011351e+15	1.000000e+00	1.000000e-10
1.011845e+15	1.000000e+00	1.000000e-10
1.012600e+15	1.000000e+00	1.000000e-10
1.013352e+15	1.000000e+00	1.000000e-10
1.013679e+15	1.000000e+00	1.000000e-10
1.014104e+15	1.000000e+00	1.000000e-10
1.014857e+15	1.000000e+00	1.000000e-10
1.015612e+15	1.000000e+00	1.000000e-10
1.016017e+15	1.000000e+00	1.000000e-10
1.016368e+15	1.000000e+00	1.000000e-10
1.017125e+15	1.000000e+00	1.000000e-10
1.017877e+15	1.000000e+00	1.000000e-10
1.018361e+15	1.000000e+00	1.000000e-10
1.018631e+15	1.000000e+00	1.000000e-10
1.019385e+15	1.000000e+00	1.000000e-10
1.020136e+15	1.000000e+00	1.000000e-10
1.020710e+15	1.000000e+00	1.000000e-10
1.020893e+15	1.000000e+00	1.000000e-10
1.021645e+15	1.000000e+00	1.000000e-10
1.022399e+15	1.000000e+00	1.000000e-10
1.023059e+15	1.000000e+00	1.000000e-10
1.023153e+15	1.000000e+00	1.000000e-10
1.023909e+15	1.000000e+00	1.000000e-10
1.024661e+15	1.000000e+00	1.000000e-10
1.025413e+15	1.000000e+00	1.000000e-10
1.025419e+15	1.000000e+00	1.000000e-10
1.026172e+15	1.000000e+00	1.000000e-10
1.026922e+15	1.000000e+00	1.000000e-10
1.027677e+15	1.000000e+00	1.000000e-10
1.027784e+15	1.000000e+00	1.000000e-10
1.028434e+15	1.000000e+00	1.000000e-10
1.029187e+15	1.000000e+00	1.000000e-10
1.029940e+15	1.000000e+00	1.000000e-10
1.030154e+15	1.000000e+00	1.000000e-10
1.030695e+15	1.000000e+00	1.000000e-10
1.031445e+15	1.000000e+00	1.000000e-10
1.032202e+15	1.000000e+00	1.000000e-10
1.032524e+15	1.000000e+00	1.000000e-10
1.032954e+15	1.000000e+00	1.000000e-10
1.033708e+15	1.000000e+00	1.000000e-10
1.034462e+15	1.000000e+00	1.000000e-10
1.034905e+15	1.000000e+00	1.000000e-10
1.035218e+15	1.000000e+00	1.000000e-10
1.035969e+15	1.000000e+00	1.000000e-10
1.036727e+15	1.000000e+00	1.000000e-10
1.037291e+15	1.000000e+00	1.000000e-10
1.037480e+15	1.000000e+00	1.000000e-10
1.038234e+15	1.000000e+00	1.000000e-10
1.038990e+15	1.000000e+00	1.000000e-10
1.039683e+15	1.000000e+00	1.000000e-10
1.039740e+15	1.000000e+00	1.000000e-10
1.040498e+15	1.000000e+00	1.000000e-10
1.041251e+15	1.000000e+00	1.000000e-10
1.042005e+15	1.000000e+00	1.000000e-10
1.042080e+15	1.000000e+00	1.000000e-10
1.042760e+15	1.000000e+00	1.000000e-10
1.043510e+15	1.000000e+00	1.000000e-10
1.044268e+15	1.000000e+00	1.000000e-10
1.044482e+15	1.000000e+00	1.000000e-10
1.045020e+15	1.000000e+00	1.000000e-10
1.045774e+15	1.000000e+00	1.000000e-10
1.046529e+15	1.000000e+00	1.000000e-10
1.046889e+15	1.000000e+00	1.000000e-10
1.047279e+15	1.000000e+00	1.000000e-10
1.048036e+15	1.000000e+00	1.000000e-10
1.048788e+15	1.000000e+00	1.000000e-10
1.049302e+15	1.000000e+00	1.000000e-10
1.049542e+15	1.000000e+00	1.000000e-10
1.050296e+15	1.000000e+00	1.000000e-10
1.051051e+15	1.000000e+00	1.000000e-10
1.051720e+15	1.000000e+00	1.000000e-10
1.051808e+15	1.000000e+00	1.000000e-10
1.052560e+15	1.000000e+00	1.000000e-10
1.053313e+15	1.000000e+00	1.000000e-10
1.054067e+15	1.000000e+00	1.000000e-10
1.054149e+15	1.000000e+00	1.000000e-10
1.054822e+15	1.000000e+00	1.000000e-10
1.055578e+15	1.000000e+00	1.000000e-10
1.056329e+15	1.000000e+00	1.000000e-10
1.056578e+15	1.000000e+00	1.000000e-10
1.057081e+15	1.000000e+00	1.000000e-10
1.057835e+15	1.000000e+00	1.000000e-10
1.058589e+15	1.000000e+00	1.000000e-10
1.059011e+15	1.000000e+00	1.000000e-10
1.059345e+15	1.000000e+00	1.000000e-10
1.060101e+15	1.000000e+00	1.000000e-10
1.060853e+15	1.000000e+00	1.000000e-10
1.061456e+15	1.000000e+00	1.000000e-10
1.061606e+15	1.000000e+00	1.000000e-10
1.062360e+15	1.000000e+00	1.000000e-10
1.063115e+15	1.000000e+00	1.000000e-10
1.063871e+15	1.000000e+00	1.000000e-10
1.063901e+15	1.000000e+00	1.000000e-10
1.064622e+15	1.000000e+00	1.000000e-10
1.065374e+15	1.000000e+00	1.000000e-10
1.066133e+15	1.000000e+00	1.000000e-10
1.066356e+15	1.000000e+00	1.000000e-10
1.066888e+15	1.000000e+00	1.000000e-10
1.067637e+15	1.000000e+00	1.000000e-10
1.068393e+15	1.000000e+00	1.000000e-10
1.068811e+15	1.000000e+00	1.000000e-10
1.069145e+15	1.000000e+00	1.000000e-10
1.069903e+15	1.000000e+00	1.000000e-10
1.070657e+15	1.000000e+00	1.000000e-10
1.071277e+15	1.000000e+00	1.000000e-10
1.071411e+15	1.000000e+00	1.000000e-10
1.072161e+15	1.000000e+00	1.000000e-10
1.072918e+15	1.000000e+00	1.000000e-10
1.073669e+15	1.000000e+00	1.000000e-10
1.073743e+15	1.000000e+00	1.000000e-10
1.074422e+15	1.000000e+00	1.000000e-10
1.075176e+15	1.000000e+00	1.000000e-10
1.075931e+15	1.000000e+00	1.000000e-10
1.076220e+15	1.000000e+00	1.000000e-10
1.076687e+15	1.000000e+00	1.000000e-10
1.077438e+15	1.000000e+00	1.000000e-10
1.078196e+15	1.000000e+00	1.000000e-10
1.078702e+15	1.000000e+00	1.000000e-10
1.078949e+15	1.000000e+00	1.000000e-10
1.079703e+15	1.000000e+00	1.000000e-10
1.080458e+15	1.000000e+00	1.000000e-10
1.081189e+15	1.000000e+00	1.000000e-10
1.081208e+15	1.000000e+00	1.000000e-10
1.081965e+15	1.000000e+00	1.000000e-10
1.082717e+15	1.000000e+00	1.000000e-10
1.083470e+15	1.000000e+00	1.000000e-10
1.083681e+15	1.000000e+00	1.000000e-10
1.084224e+15	1.000000e+00	1.000000e-10
1.084979e+15	1.000000e+00	1.000000e-10
1.085735e+15	1.000000e+00	1.000000e-10
1.086179e+15	1.000000e+00	1.000000e-10
1.086486e+15	1.000000e+00	1.000000e-10
1.087244e+15	1.000000e+00	1.000000e-10
1.087997e+15	1.000000e+00	1.000000e-10
1.088682e+15	1.000000e+00	1.000000e-10
1.088752e+15	1.000000e+00	1.000000e-10
1.089507e+15	1.000000e+00	1.000000e-10
1.090257e+15	1.000000e+00	1.000000e-10
1.091014e+15	1.000000e+00	1.000000e-10
1.091191e+15	1.000000e+00	1.000000e-10
1.091766e+15	1.000000e+00	1.000000e-10
1.092519e+15	1.000000e+00	1.000000e-10
1.093273e+15	1.000000e+00	1.000000e-10
1.093711e+15	1.000000e+00	1.000000e-10
1.094028e+15	1.000000e+00	1.000000e-10
1.094784e+15	1.000000e+00	1.000000e-10
1.095535e+15	1.000000e+00	1.000000e-10
1.096229e+15	1.000000e+00	1.000000e-10
1.096293e+15	1.000000e+00	1.000000e-10
1.097046e+15	1.000000e+00	1.000000e-10
1.097800e+15	1.000000e+00	1.000000e-10
1.098555e+15	1.000000e+00	1.000000e-10
1.098754e+15	1.000000e+00	1.000000e-10
1.099305e+15	1.000000e+00	1.000000e-10
1.100062e+15	1.000000e+00	1.000000e-10
1.100813e+15	1.000000e+00	1.000000e-10
1.101289e+15	1.000000e+00	1.000000e-10
1.101566e+15	1.000000e+00	1.000000e-10
1.102320e+15	1.000000e+00	1.000000e-10
1.103074e+15	1.000000e+00	1.000000e-10
1.103830e+15	1.000000e+00	1.000000e-10
1.104587e+15	1.000000e+00	1.000000e-10
1.105338e+15	1.000000e+00	1.000000e-10
1.106091e+15	1.000000e+00	1.000000e-10
1.106370e+15	1.000000e+00	1.000000e-10
1.106844e+15	1.000000e+00	1.000000e-10
1.107599e+15	1.000000e+00	1.000000e-10
1.108354e+15	1.000000e+00	1.000000e-10
1.108921e+15	1.000000e+00	1.000000e-10
1.109111e+15	1.000000e+00	1.000000e-10
1.109862e+15	1.000000e+00	1.000000e-10
1.110614e+15	1.000000e+00	1.000000e-10
1.111367e+15	1.000000e+00	1.000000e-10
1.111478e+15	1.000000e+00	1.000000e-10
1.112121e+15	1.000000e+00	1.000000e-10
1.112876e+15	1.000000e+00	1.000000e-10
1.113632e+15	1.000000e+00	1.000000e-10
1.114040e+15	1.000000e+00	1.000000e-10
1.114389e+15	1.000000e+00	1.000000e-10
1.115141e+15	1.000000e+00	1.000000e-10
1.115893e+15	1.000000e+00	1.000000e-10
1.116607e+15	1.000000e+00	1.000000e-10
1.116647e+15	1.000000e+00	1.000000e-10
1.117401e+15	1.000000e+00	1.000000e-10
1.118157e+15	1.000000e+00	1.000000e-10
1.118907e+15	1.000000e+00	1.000000e-10
1.119186e+15	1.000000e+00	1.000000e-10
1.119665e+15	1.000000e+00	1.000000e-10
1.120417e+15	1.000000e+00	1.000000e-10
1.121170e+15	1.000000e+00	1.000000e-10
1.121764e+15	1.000000e+00	1.000000e-10
1.121924e+15	1.000000e+00	1.000000e-10
1.122679e+15	1.000000e+00	1.000000e-10
1.123435e+15	1.000000e+00	1.000000e-10
1.124186e+15	1.000000e+00	1.000000e-10
1.124346e+15	1.000000e+00	1.000000e-10
1.124944e+15	1.000000e+00	1.000000e-10
1.125696e+15	1.000000e+00	1.000000e-10
1.126450e+15	1.000000e+00	1.000000e-10
1.126941e+15	1.000000e+00	1.000000e-10
1.127204e+15	1.000000e+00	1.000000e-10
1.127959e+15	1.000000e+00	1.000000e-10
1.128709e+15	1.000000e+00	1.000000e-10
1.129467e+15	1.000000e+00	1.000000e-10
1.129541e+15	1.000000e+00	1.000000e-10
1.130218e+15	1.000000e+00	1.000000e-10
1.130971e+15	1.000000e+00	1.000000e-10
1.131725e+15	1.000000e+00	1.000000e-10
1.132146e+15	1.000000e+00	1.000000e-10
1.132480e+15	1.000000e+00	1.000000e-10
1.133235e+15	1.000000e+00	1.000000e-10
1.133992e+15	1.000000e+00	1.000000e-10
1.134743e+15	1.000000e+00	1.000000e-10
1.134750e+15	1.000000e+00	1.000000e-10
1.135495e+15	1.000000e+00	1.000000e-10
1.136248e+15	1.000000e+00	1.000000e-10
1.137009e+15	1.000000e+00	1.000000e-10
1.137365e+15	1.000000e+00	1.000000e-10
1.137757e+15	1.000000e+00	1.000000e-10
1.138513e+15	1.000000e+00	1.000000e-10
1.139270e+15	1.000000e+00	1.000000e-10
1.139993e+15	1.000000e+00	1.000000e-10
1.140021e+15	1.000000e+00	1.000000e-10
1.140773e+15	1.000000e+00	1.000000e-10
1.141533e+15	1.000000e+00	1.000000e-10
1.142280e+15	1.000000e+00	1.000000e-10
1.142619e+15	1.000000e+00	1.000000e-10
1.143035e+15	1.000000e+00	1.000000e-10
1.143791e+15	1.000000e+00	1.000000e-10
1.144548e+15	1.000000e+00	1.000000e-10
1.145250e+15	1.000000e+00	1.000000e-10
1.145299e+15	1.000000e+00	1.000000e-10
1.146051e+15	1.000000e+00	1.000000e-10
1.146804e+15	1.000000e+00	1.000000e-10
1.147558e+15	1.000000e+00	1.000000e-10
1.147893e+15	1.000000e+00	1.000000e-10
1.148313e+15	1.000000e+00	1.000000e-10
1.149069e+15	1.000000e+00	1.000000e-10
1.149826e+15	1.000000e+00	1.000000e-10
1.150542e+15	1.000000e+00	1.000000e-10
1.150577e+15	1.000000e+00	1.000000e-10
1.151329e+15	1.000000e+00	1.000000e-10
1.152082e+15	1.000000e+00	1.000000e-10
1.152836e+15	1.000000e+00	1.000000e-10
1.153188e+15	1.000000e+00	1.000000e-10
1.153591e+15	1.000000e+00	1.000000e-10
1.154347e+15	1.000000e+00	1.000000e-10
1.155103e+15	1.000000e+00	1.000000e-10
1.155847e+15	1.000000e+00	1.000000e-10
1.155854e+15	1.000000e+00	1.000000e-10
1.156606e+15	1.000000e+00	1.000000e-10
1.157366e+15	1.000000e+00	1.000000e-10
1.158120e+15	1.000000e+00	1.000000e-10
1.158511e+15	1.000000e+00	1.000000e-10
1.158867e+15	1.000000e+00	1.000000e-10
1.159623e+15	1.000000e+00	1.000000e-10
1.160380e+15	1.000000e+00	1.000000e-10
1.161130e+15	1.000000e+00	1.000000e-10
1.161187e+15	1.000000e+00	1.000000e-10
1.161889e+15	1.000000e+00	1.000000e-10
1.162641e+15	1.000000e+00	1.000000e-10
1.163395e+15	1.000000e+00	1.000000e-10
1.163862e+15	1.000000e+00	1.000000e-10
1.164149e+15	1.000000e+00	1.000000e-10
1.164905e+15	1.000000e+00	1.000000e-10
1.165654e+15	1.000000e+00	1.000000e-10
1.166411e+15	1.000000e+00	1.000000e-10
1.166541e+15	1.000000e+00	1.000000e-10
1.167162e+15	1.000000e+00	1.000000e-10
1.167922e+15	1.000000e+00	1.000000e-10
1.168675e+15	1.000000e+00	1.000000e-10
1.169233e+15	1.000000e+00	1.000000e-10
1.169429e+15	1.000000e+00	1.000000e-10
1.170184e+15	1.000000e+00	1.000000e-10
1.170933e+15	1.000000e+00	1.000000e-10
1.171690e+15	1.000000e+00	1.000000e-10
1.171930e+15	1.000000e+00	1.000000e-10
1.172440e+15	1.000000e+00	1.000000e-10
1.173199e+15	1.000000e+00	1.000000e-10
1.173952e+15	1.000000e+00	1.000000e-10
1.174632e+15	1.000000e+00	1.000000e-10
1.174705e+15	1.000000e+00	1.000000e-10
1.175460e+15	1.000000e+00	1.000000e-10
1.176215e+15	1.000000e+00	1.000000e-10
1.176964e+15	1.000000e+00	1.000000e-10
1.177339e+15	1.000000e+00	1.000000e-10
1.177722e+15	1.000000e+00	1.000000e-10
1.178473e+15	1.000000e+00	1.000000e-10
1.179225e+15	1.000000e+00	1.000000e-10
1.179985e+15	1.000000e+00	1.000000e-10
1.180052e+15	1.000000e+00	1.000000e-10
1.180739e+15	1.000000e+00	1.000000e-10
1.181487e+15	1.000000e+00	1.000000e-10
1.182242e+15	1.000000e+00	1.000000e-10
1.182769e+15	1.000000e+00	1.000000e-10
1.182999e+15	1.000000e+00	1.000000e-10
1.183750e+15	1.000000e+00	1.000000e-10
1.184508e+15	1.000000e+00	1.000000e-10
1.185261e+15	1.000000e+00	1.000000e-10
1.185499e+15	1.000000e+00	1.000000e-10
1.186014e+15	1.000000e+00	1.000000e-10
1.186768e+15	1.000000e+00	1.000000e-10
1.187523e+15	1.000000e+00	1.000000e-10
1.188234e+15	1.000000e+00	1.000000e-10
1.188279e+15	1.000000e+00	1.000000e-10
1.189029e+15	1.000000e+00	1.000000e-10
1.189787e+15	1.000000e+00	1.000000e-10
1.190538e+15	1.000000e+00	1.000000e-10
1.190975e+15	1.000000e+00	1.000000e-10
1.191291e+15	1.000000e+00	1.000000e-10
1.192044e+15	1.000000e+00	1.000000e-10
1.192798e+15	1.000000e+00	1.000000e-10
1.193554e+15	1.000000e+00	1.000000e-10
1.193720e+15	1.000000e+00	1.000000e-10
1.194310e+15	1.000000e+00	1.000000e-10
1.195060e+15	1.000000e+00	1.000000e-10
1.195818e+15	1.000000e+00	1.000000e-10
1.196471e+15	1.000000e+00	1.000000e-10
1.196569e+15	1.000000e+00	1.000000e-10
1.197322e+15	1.000000e+00	1.000000e-10
1.198075e+15	1.000000e+00	1.000000e-10
1.198830e+15	1.000000e+00	1.000000e-10
1.199226e+15	1.000000e+00	1.000000e-10
1.199585e+15	1.000000e+00	1.000000e-10
1.200341e+15	1.000000e+00	1.000000e-10
1.201091e+15	1.000000e+00	1.000000e-10
1.201849e+15	1.000000e+00	1.000000e-10
1.201994e+15	1.000000e+00	1.000000e-10
1.202600e+15	1.000000e+00	1.000000e-10
1.203353e+15	1.000000e+00	1.000000e-10
1.204106e+15	1.000000e+00	1.000000e-10
1.204760e+15	1.000000e+00	1.000000e-10
1.204860e+15	1.000000e+00	1.000000e-10
1.205615e+15	1.000000e+00	1.000000e-10
1.206372e+15	1.000000e+00	1.000000e-10
1.207129e+15	1.000000e+00	1.000000e-10
1.207539e+15	1.000000e+00	1.000000e-10
1.207879e+15	1.000000e+00	1.000000e-10
1.208630e+15	1.000000e+00	1.000000e-10
1.209390e+15	1.000000e+00	1.000000e-10
1.210143e+15	1.000000e+00	1.000000e-10
1.210322e+15	1.000000e+00	1.000000e-10
1.210897e+15	1.000000e+00	1.000000e-10
1.211652e+15	1.000000e+00	1.000000e-10
1.212401e+15	1.000000e+00	1.000000e-10
1.213111e+15	1.000000e+00	1.000000e-10
1.213157e+15	1.000000e+00	1.000000e-10
1.213908e+15	1.000000e+00	1.000000e-10
1.214666e+15	1.000000e+00	1.000000e-10
1.215418e+15	1.000000e+00	1.000000e-10
1.215912e+15	1.000000e+00	1.000000e-10
1.216171e+15	1.000000e+00	1.000000e-10
1.216925e+15	1.000000e+00	1.000000e-10
1.217679e+15	1.000000e+00	1.000000e-10
1.218435e+15	1.000000e+00	1.000000e-10
1.218711e+15	1.000000e+00	1.000000e-10
1.219192e+15	1.000000e+00	1.000000e-10
1.219941e+15	1.000000e+00	1.000000e-10
1.220700e+15	1.000000e+00	1.000000e-10
1.221451e+15	1.000000e+00	1.000000e-10
1.221522e+15	1.000000e+00	1.000000e-10
1.222204e+15	1.000000e+00	1.000000e-10
1.222957e+15	1.000000e+00	1.000000e-10
1.223711e+15	1.000000e+00	1.000000e-10
1.224339e+15	1.000000e+00	1.000000e-10
1.224466e+15	1.000000e+00	1.000000e-10
1.225222e+15	1.000000e+00	1.000000e-10
