1.319469e+14	9.258318e+00	4.450823e+00
1.320996e+14	9.293769e+00	4.474659e+00
1.323216e+14	9.345332e+00	4.509327e+00
1.324039e+14	9.368466e+00	4.525580e+00
1.327008e+14	9.451913e+00	4.584204e+00
1.327097e+14	9.454408e+00	4.585957e+00
1.330150e+14	9.540220e+00	4.646243e+00
1.333217e+14	9.626427e+00	4.706808e+00
1.334549e+14	9.663863e+00	4.733108e+00
1.336103e+14	9.707549e+00	4.763799e+00
1.336289e+14	9.711823e+00	4.768992e+00
1.339375e+14	9.782872e+00	4.855313e+00
1.342089e+14	9.845359e+00	4.931231e+00
1.342456e+14	9.853809e+00	4.941498e+00
1.345551e+14	9.925074e+00	5.028081e+00
1.348661e+14	9.996668e+00	5.115065e+00
1.349628e+14	1.001894e+01	5.142130e+00
1.351765e+14	1.006815e+01	5.201908e+00
1.354804e+14	1.013811e+01	5.286905e+00
1.354884e+14	1.013976e+01	5.290039e+00
1.357168e+14	1.018685e+01	5.379088e+00
1.358008e+14	1.020417e+01	5.411839e+00
1.361136e+14	1.026868e+01	5.533818e+00
1.363285e+14	1.031300e+01	5.617634e+00
1.364269e+14	1.033429e+01	5.666525e+00
1.364708e+14	1.034381e+01	5.688379e+00
1.367416e+14	1.040244e+01	5.823010e+00
1.370568e+14	1.047069e+01	5.979723e+00
1.372248e+14	1.050707e+01	6.063268e+00
1.373734e+14	1.053925e+01	6.137160e+00
1.376895e+14	1.060770e+01	6.294326e+00
1.379788e+14	1.067034e+01	6.438153e+00
1.380071e+14	1.067646e+01	6.452218e+00
1.382324e+14	1.072526e+01	6.564266e+00
1.383251e+14	1.074301e+01	6.617143e+00
1.386210e+14	1.079972e+01	6.786041e+00
1.386445e+14	1.080296e+01	6.801914e+00
1.387327e+14	1.081511e+01	6.861403e+00
1.389634e+14	1.084688e+01	7.017093e+00
1.392838e+14	1.089101e+01	7.233264e+00
1.394868e+14	1.091896e+01	7.370201e+00
1.396046e+14	1.093519e+01	7.449737e+00
1.399269e+14	1.097958e+01	7.667209e+00
1.399402e+14	1.098141e+01	7.676192e+00
1.402407e+14	1.099659e+01	7.928608e+00
1.402497e+14	1.099704e+01	7.936147e+00
1.405729e+14	1.101336e+01	8.207659e+00
1.408965e+14	1.102971e+01	8.479540e+00
1.409947e+14	1.103467e+01	8.562058e+00
1.412216e+14	1.104613e+01	8.752677e+00
1.415472e+14	1.106257e+01	9.026183e+00
1.415492e+14	1.106267e+01	9.027858e+00
1.416919e+14	1.106542e+01	9.152639e+00
1.417487e+14	1.106552e+01	9.205306e+00
1.418732e+14	1.106575e+01	9.320700e+00
1.422007e+14	1.106636e+01	9.624239e+00
1.425027e+14	1.106692e+01	9.904116e+00
1.425286e+14	1.106697e+01	9.928184e+00
1.428570e+14	1.106758e+01	1.023253e+01
1.431858e+14	1.106819e+01	1.053727e+01
1.432567e+14	1.106833e+01	1.060293e+01
1.433470e+14	1.106849e+01	1.068667e+01
1.435162e+14	1.106457e+01	1.086787e+01
1.438469e+14	1.105689e+01	1.122223e+01
1.438539e+14	1.105673e+01	1.122970e+01
1.440106e+14	1.101900e+01	1.142147e+01
1.441792e+14	1.097837e+01	1.162789e+01
1.445108e+14	1.089850e+01	1.203378e+01
1.447646e+14	1.083737e+01	1.234447e+01
1.448439e+14	1.081826e+01	1.244155e+01
1.451786e+14	1.073765e+01	1.285120e+01
1.451911e+14	1.073464e+01	1.286651e+01
1.455126e+14	1.058910e+01	1.327894e+01
1.455185e+14	1.058640e+01	1.328657e+01
1.455220e+14	1.058483e+01	1.329103e+01
1.458481e+14	1.039394e+01	1.371183e+01
1.461840e+14	1.019728e+01	1.414533e+01
1.462725e+14	1.014548e+01	1.425951e+01
1.465215e+14	9.999718e+00	1.458083e+01
1.467201e+14	9.883468e+00	1.483709e+01
1.468594e+14	9.771004e+00	1.502647e+01
1.470266e+14	9.636093e+00	1.525365e+01
1.471978e+14	9.497905e+00	1.548635e+01
1.475376e+14	9.223545e+00	1.594835e+01
1.477805e+14	9.027464e+00	1.627853e+01
1.478768e+14	8.949788e+00	1.640933e+01
1.478916e+14	8.937776e+00	1.642956e+01
1.482186e+14	8.632648e+00	1.682969e+01
1.485344e+14	8.337938e+00	1.721615e+01
1.485597e+14	8.314342e+00	1.724709e+01
1.487195e+14	8.165242e+00	1.744261e+01
1.489024e+14	7.977358e+00	1.762405e+01
1.492455e+14	7.624927e+00	1.796439e+01
1.492885e+14	7.580729e+00	1.800707e+01
1.495890e+14	7.272088e+00	1.830512e+01
1.499340e+14	6.917622e+00	1.864743e+01
1.499555e+14	6.895518e+00	1.866877e+01
1.500425e+14	6.796857e+00	1.875328e+01
1.502795e+14	6.528029e+00	1.898355e+01
1.505705e+14	6.197934e+00	1.926630e+01
1.506265e+14	6.115292e+00	1.932899e+01
1.507964e+14	5.864892e+00	1.951893e+01
1.509740e+14	5.603235e+00	1.971741e+01
1.513218e+14	5.090600e+00	2.010626e+01
1.515504e+14	4.753694e+00	2.036182e+01
1.516701e+14	4.577395e+00	2.049555e+01
1.520199e+14	4.061824e+00	2.088663e+01
1.520607e+14	4.001742e+00	2.093221e+01
1.523044e+14	3.601188e+00	2.115106e+01
1.523701e+14	3.493135e+00	2.121009e+01
1.527220e+14	2.914865e+00	2.152604e+01
1.528293e+14	2.738472e+00	2.162242e+01
1.530584e+14	2.421237e+00	2.170319e+01
1.530742e+14	2.399380e+00	2.170875e+01
1.534268e+14	1.911162e+00	2.183306e+01
1.534393e+14	1.893846e+00	2.183747e+01
1.537810e+14	1.457491e+00	2.183634e+01
1.538124e+14	1.417433e+00	2.183624e+01
1.541344e+14	1.006293e+00	2.183518e+01
1.544906e+14	5.513993e-01	2.183400e+01
1.545664e+14	4.546657e-01	2.183375e+01
1.548460e+14	9.764668e-02	2.183283e+01
1.552030e+14	-3.581982e-01	2.183165e+01
1.553204e+14	-5.081080e-01	2.183127e+01
1.555616e+14	-8.161497e-01	2.183047e+01
1.559193e+14	-1.272929e+00	2.182929e+01
1.560744e+14	-1.470914e+00	2.182878e+01
1.562787e+14	-1.731814e+00	2.182811e+01
1.563767e+14	-1.856987e+00	2.182778e+01
1.566251e+14	-2.137933e+00	2.179904e+01
1.566397e+14	-2.151360e+00	2.179586e+01
1.568283e+14	-2.324164e+00	2.175485e+01
1.570011e+14	-2.482525e+00	2.171727e+01
1.573629e+14	-2.814018e+00	2.163861e+01
1.575823e+14	-3.015097e+00	2.159089e+01
1.577250e+14	-3.145833e+00	2.155987e+01
1.580888e+14	-3.479178e+00	2.148077e+01
1.583363e+14	-3.706002e+00	2.142694e+01
1.584529e+14	-3.812845e+00	2.140159e+01
1.587463e+14	-4.081688e+00	2.133779e+01
1.588187e+14	-4.139845e+00	2.131445e+01
1.590903e+14	-4.357925e+00	2.122690e+01
1.591849e+14	-4.433879e+00	2.119641e+01
1.595513e+14	-4.728187e+00	2.107827e+01
1.598443e+14	-4.963414e+00	2.098384e+01
1.599195e+14	-5.023853e+00	2.095958e+01
1.599745e+14	-5.067978e+00	2.094186e+01
1.602881e+14	-5.306421e+00	2.081128e+01
1.605982e+14	-5.542248e+00	2.068213e+01
1.606569e+14	-5.586899e+00	2.065767e+01
1.610275e+14	-5.868671e+00	2.050336e+01
1.613522e+14	-6.115607e+00	2.036812e+01
1.613998e+14	-6.151745e+00	2.034833e+01
1.614582e+14	-6.196144e+00	2.032401e+01
1.617710e+14	-6.380381e+00	2.015763e+01
1.621061e+14	-6.577758e+00	1.997939e+01
1.621439e+14	-6.600013e+00	1.995929e+01
1.625186e+14	-6.820659e+00	1.976003e+01
1.628602e+14	-7.021855e+00	1.957833e+01
1.628922e+14	-7.040670e+00	1.956134e+01
1.632675e+14	-7.261695e+00	1.936174e+01
1.636141e+14	-7.465839e+00	1.917738e+01
1.636445e+14	-7.483740e+00	1.916122e+01
1.640219e+14	-7.705973e+00	1.896052e+01
1.643681e+14	-7.909900e+00	1.877636e+01
1.643995e+14	-7.928389e+00	1.875967e+01
1.647789e+14	-8.151831e+00	1.855788e+01
1.649779e+14	-8.269005e+00	1.845206e+01
1.649923e+14	-8.275137e+00	1.844425e+01
1.651220e+14	-8.316742e+00	1.836779e+01
1.651586e+14	-8.328484e+00	1.834621e+01
1.655387e+14	-8.450388e+00	1.812217e+01
1.658760e+14	-8.558615e+00	1.792327e+01
1.659204e+14	-8.572854e+00	1.789710e+01
1.663040e+14	-8.695887e+00	1.767099e+01
1.666300e+14	-8.800487e+00	1.747876e+01
1.666863e+14	-8.818543e+00	1.744557e+01
1.670704e+14	-8.941765e+00	1.721911e+01
1.673841e+14	-9.042374e+00	1.703421e+01
1.674563e+14	-9.065557e+00	1.699161e+01
1.678425e+14	-9.189442e+00	1.676393e+01
1.680691e+14	-9.262130e+00	1.663034e+01
1.681381e+14	-9.275893e+00	1.658895e+01
1.682290e+14	-9.294047e+00	1.653435e+01
1.686173e+14	-9.371555e+00	1.630122e+01
1.688921e+14	-9.426416e+00	1.613622e+01
1.690058e+14	-9.449119e+00	1.606793e+01
1.693946e+14	-9.526737e+00	1.583448e+01
1.696460e+14	-9.576924e+00	1.568353e+01
1.697852e+14	-9.604714e+00	1.559995e+01
1.700691e+14	-9.661387e+00	1.542949e+01
1.701776e+14	-9.676410e+00	1.536280e+01
1.703999e+14	-9.707186e+00	1.522618e+01
1.705688e+14	-9.730561e+00	1.512241e+01
1.709633e+14	-9.785176e+00	1.487996e+01
1.711539e+14	-9.811567e+00	1.476280e+01
1.713565e+14	-9.839613e+00	1.463830e+01
1.717515e+14	-9.894300e+00	1.439553e+01
1.717923e+14	-9.899955e+00	1.437043e+01
1.719080e+14	-9.904141e+00	1.430075e+01
1.721484e+14	-9.912842e+00	1.415591e+01
1.725439e+14	-9.927160e+00	1.391759e+01
1.726619e+14	-9.931434e+00	1.384645e+01
1.729428e+14	-9.941602e+00	1.367720e+01
1.733404e+14	-9.955995e+00	1.343763e+01
1.734158e+14	-9.958725e+00	1.339218e+01
1.737398e+14	-9.970454e+00	1.319695e+01
1.741411e+14	-9.984980e+00	1.295516e+01
1.741699e+14	-9.986023e+00	1.293780e+01
1.745426e+14	-9.999515e+00	1.271322e+01
1.749239e+14	-1.001332e+01	1.248347e+01
1.749444e+14	-1.001406e+01	1.247114e+01
1.753480e+14	-1.002867e+01	1.222795e+01
1.755909e+14	-1.003746e+01	1.208156e+01
1.756779e+14	-1.003554e+01	1.203340e+01
1.757518e+14	-1.003391e+01	1.199250e+01
1.761575e+14	-1.002495e+01	1.176792e+01
1.761855e+14	-1.002433e+01	1.175244e+01
1.764319e+14	-1.000075e+01	1.162164e+01
1.765634e+14	-9.988162e+00	1.155180e+01
1.769712e+14	-9.949140e+00	1.133531e+01
1.771858e+14	-9.928605e+00	1.122139e+01
1.773792e+14	-9.910097e+00	1.111871e+01
1.777874e+14	-9.871034e+00	1.090200e+01
1.779398e+14	-9.856451e+00	1.082110e+01
1.780625e+14	-9.844715e+00	1.075599e+01
1.781975e+14	-9.815401e+00	1.068754e+01
1.786078e+14	-9.726348e+00	1.047961e+01
1.786938e+14	-9.707679e+00	1.043602e+01
1.790200e+14	-9.636883e+00	1.027072e+01
1.794324e+14	-9.547376e+00	1.006173e+01
1.794478e+14	-9.544039e+00	1.005394e+01
1.798467e+14	-9.457455e+00	9.851780e+00
1.802018e+14	-9.380396e+00	9.671856e+00
1.802612e+14	-9.367492e+00	9.641727e+00
1.806759e+14	-9.277489e+00	9.431581e+00
1.809557e+14	-9.216767e+00	9.289801e+00
1.809829e+14	-9.210866e+00	9.276024e+00
1.810925e+14	-9.187813e+00	9.223403e+00
1.815110e+14	-9.099809e+00	9.022522e+00
1.816829e+14	-9.063674e+00	8.940039e+00
1.817098e+14	-9.058138e+00	8.927457e+00
1.819280e+14	-9.013285e+00	8.825518e+00
1.823486e+14	-8.926808e+00	8.628983e+00
1.824637e+14	-8.903147e+00	8.575209e+00
1.827676e+14	-8.840659e+00	8.433192e+00
1.831904e+14	-8.753747e+00	8.235668e+00
1.832176e+14	-8.748147e+00	8.222938e+00
1.836115e+14	-8.667168e+00	8.038899e+00
1.839717e+14	-8.593115e+00	7.870597e+00
1.840346e+14	-8.580190e+00	7.841223e+00
1.841014e+14	-8.566455e+00	7.810008e+00
1.844596e+14	-8.470501e+00	7.650767e+00
1.847257e+14	-8.399224e+00	7.532477e+00
1.848848e+14	-8.356611e+00	7.461759e+00
1.853119e+14	-8.242194e+00	7.271877e+00
1.854797e+14	-8.197257e+00	7.197302e+00
1.857374e+14	-8.128228e+00	7.082744e+00
1.861666e+14	-8.013244e+00	6.891922e+00
1.862336e+14	-7.995310e+00	6.862160e+00
1.865960e+14	-7.898223e+00	6.701038e+00
1.868146e+14	-7.839672e+00	6.603868e+00
1.869875e+14	-7.787503e+00	6.534221e+00
1.870255e+14	-7.776028e+00	6.518901e+00
1.874570e+14	-7.645838e+00	6.345091e+00
1.877416e+14	-7.559989e+00	6.230478e+00
1.878887e+14	-7.515611e+00	6.171230e+00
1.880267e+14	-7.473966e+00	6.115632e+00
1.883223e+14	-7.374292e+00	6.008776e+00
1.884956e+14	-7.315870e+00	5.946144e+00
1.887562e+14	-7.227972e+00	5.851912e+00
1.891914e+14	-7.081232e+00	5.694598e+00
1.892495e+14	-7.061632e+00	5.673586e+00
1.896274e+14	-6.934200e+00	5.536970e+00
1.900036e+14	-6.807355e+00	5.400985e+00
1.900645e+14	-6.786811e+00	5.378961e+00
1.902390e+14	-6.727980e+00	5.315891e+00
1.905027e+14	-6.626574e+00	5.232308e+00
1.907576e+14	-6.528560e+00	5.151521e+00
1.909419e+14	-6.457666e+00	5.093088e+00
1.913820e+14	-6.288425e+00	4.953593e+00
1.915115e+14	-6.238623e+00	4.912544e+00
1.918233e+14	-6.118702e+00	4.813701e+00
1.922655e+14	-5.948647e+00	4.673536e+00
1.927088e+14	-5.778185e+00	4.533035e+00
1.930194e+14	-5.658736e+00	4.434580e+00
1.931336e+14	-5.614790e+00	4.398358e+00
1.931529e+14	-5.609515e+00	4.393540e+00
1.935982e+14	-5.487386e+00	4.281974e+00
1.937734e+14	-5.439360e+00	4.238102e+00
1.940445e+14	-5.365021e+00	4.170194e+00
1.941328e+14	-5.340782e+00	4.148052e+00
1.944917e+14	-5.248292e+00	4.066415e+00
1.945275e+14	-5.239085e+00	4.058288e+00
1.949401e+14	-5.132750e+00	3.964431e+00
1.952814e+14	-5.044792e+00	3.886794e+00
1.953895e+14	-5.016936e+00	3.862206e+00
1.958399e+14	-4.900848e+00	3.759740e+00
1.960355e+14	-4.850459e+00	3.715264e+00
1.962915e+14	-4.784487e+00	3.657034e+00
1.967438e+14	-4.667906e+00	3.554132e+00
1.967894e+14	-4.656155e+00	3.543760e+00
1.970223e+14	-4.596143e+00	3.490790e+00
1.971975e+14	-4.539866e+00	3.453158e+00
1.975434e+14	-4.428724e+00	3.378837e+00
1.976520e+14	-4.393854e+00	3.355520e+00
1.981077e+14	-4.247435e+00	3.257610e+00
1.982974e+14	-4.186507e+00	3.216867e+00
1.985644e+14	-4.100742e+00	3.159516e+00
1.990220e+14	-3.953709e+00	3.061196e+00
1.990512e+14	-3.944324e+00	3.054920e+00
1.994810e+14	-3.806268e+00	2.962602e+00
1.995351e+14	-3.788869e+00	2.950968e+00
1.998053e+14	-3.693267e+00	2.897686e+00
1.999408e+14	-3.645351e+00	2.870982e+00
2.004016e+14	-3.482296e+00	2.780108e+00
2.005592e+14	-3.426544e+00	2.749036e+00
2.008635e+14	-3.318867e+00	2.689025e+00
2.009464e+14	-3.289543e+00	2.672682e+00
2.013132e+14	-3.147766e+00	2.601318e+00
2.013267e+14	-3.142530e+00	2.598682e+00
2.017907e+14	-2.963151e+00	2.508391e+00
2.020672e+14	-2.856282e+00	2.454597e+00
2.022558e+14	-2.783363e+00	2.417893e+00
2.027222e+14	-2.603082e+00	2.327147e+00
2.027263e+14	-2.601501e+00	2.326352e+00
2.028212e+14	-2.574375e+00	2.312140e+00
2.031894e+14	-2.469184e+00	2.257028e+00
2.035752e+14	-2.358962e+00	2.199281e+00
2.036579e+14	-2.335334e+00	2.186901e+00
2.041274e+14	-2.201180e+00	2.116616e+00
2.043292e+14	-2.143524e+00	2.086408e+00
2.045980e+14	-2.066724e+00	2.046171e+00
2.046646e+14	-2.047693e+00	2.036201e+00
2.050695e+14	-1.957174e+00	1.986321e+00
2.050831e+14	-1.954131e+00	1.984645e+00
2.052713e+14	-1.912047e+00	1.961455e+00
2.055424e+14	-1.857786e+00	1.933015e+00
2.058371e+14	-1.798805e+00	1.902101e+00
2.060162e+14	-1.762966e+00	1.883316e+00
2.064910e+14	-1.667935e+00	1.833507e+00
2.065911e+14	-1.647915e+00	1.823014e+00
2.069672e+14	-1.572646e+00	1.783562e+00
2.073451e+14	-1.497011e+00	1.743919e+00
2.074441e+14	-1.477191e+00	1.733531e+00
2.079224e+14	-1.381479e+00	1.683364e+00
2.080991e+14	-1.346105e+00	1.664824e+00
2.081383e+14	-1.338265e+00	1.660714e+00
2.084017e+14	-1.258403e+00	1.623542e+00
2.088531e+14	-1.121519e+00	1.559829e+00
2.088820e+14	-1.112747e+00	1.555746e+00
2.092504e+14	-1.001034e+00	1.503748e+00
2.093637e+14	-9.694802e-01	1.489552e+00
2.096070e+14	-9.016834e-01	1.459050e+00
2.097888e+14	-8.510147e-01	1.436254e+00
2.098464e+14	-8.413136e-01	1.432940e+00
2.103299e+14	-7.598651e-01	1.405117e+00
2.103611e+14	-7.546064e-01	1.403320e+00
2.108150e+14	-6.781596e-01	1.377205e+00
2.111151e+14	-6.276089e-01	1.359937e+00
2.113008e+14	-5.963157e-01	1.349247e+00
2.117880e+14	-5.142540e-01	1.321214e+00
2.118689e+14	-5.006205e-01	1.316556e+00
2.122762e+14	-4.320144e-01	1.293120e+00
2.125178e+14	-3.913216e-01	1.279219e+00
2.126229e+14	-3.741906e-01	1.272231e+00
2.127655e+14	-3.509632e-01	1.262757e+00
2.132033e+14	-2.796258e-01	1.233659e+00
2.132561e+14	-2.719378e-01	1.229095e+00
2.133770e+14	-2.543064e-01	1.218626e+00
2.137477e+14	-2.002672e-01	1.186541e+00
2.141309e+14	-1.444088e-01	1.153376e+00
2.142404e+14	-1.284428e-01	1.143896e+00
2.147341e+14	-5.646493e-02	1.101160e+00
2.148849e+14	-3.448185e-02	1.088108e+00
2.152292e+14	1.570219e-02	1.058312e+00
2.156389e+14	7.543081e-02	1.022849e+00
2.157253e+14	8.802287e-02	1.015372e+00
2.162227e+14	1.605331e-01	9.723202e-01
2.163929e+14	1.853569e-01	9.575814e-01
2.167211e+14	2.331968e-01	9.291770e-01
2.169631e+14	2.684699e-01	9.082340e-01
2.171468e+14	2.929062e-01	8.914449e-01
2.172208e+14	3.027584e-01	8.846759e-01
2.173110e+14	3.147474e-01	8.764387e-01
2.177214e+14	3.629357e-01	8.482743e-01
2.179008e+14	3.840059e-01	8.359594e-01
2.182235e+14	4.218896e-01	8.138177e-01
2.186548e+14	4.725363e-01	7.842163e-01
2.187264e+14	4.809372e-01	7.793062e-01
2.191669e+14	5.326558e-01	7.490784e-01
2.192306e+14	5.389678e-01	7.472810e-01
2.194087e+14	5.566109e-01	7.422571e-01
2.197361e+14	5.890396e-01	7.330229e-01
2.201629e+14	6.313164e-01	7.209845e-01
2.202427e+14	6.392154e-01	7.187352e-01
2.207503e+14	6.894950e-01	7.044179e-01
2.209169e+14	7.059986e-01	6.997184e-01
2.211274e+14	7.268504e-01	6.937808e-01
2.212592e+14	7.400727e-01	6.888009e-01
2.216708e+14	7.813733e-01	6.732456e-01
2.217600e+14	7.903211e-01	6.698756e-01
2.217691e+14	7.910050e-01	6.694604e-01
2.222804e+14	8.292599e-01	6.462368e-01
2.224247e+14	8.400540e-01	6.396840e-01
2.227930e+14	8.676128e-01	6.229537e-01
2.231786e+14	8.964690e-01	6.054358e-01
2.233063e+14	9.060242e-01	5.996350e-01
2.238213e+14	9.445533e-01	5.762449e-01
2.239327e+14	9.528896e-01	5.711842e-01
2.243372e+14	9.831607e-01	5.528073e-01
2.246868e+14	1.009312e+00	5.369315e-01
2.247687e+14	1.015443e+00	5.332094e-01
2.248438e+14	1.019591e+00	5.306974e-01
2.248543e+14	1.020123e+00	5.304203e-01
2.253726e+14	1.046485e+00	5.166774e-01
2.254408e+14	1.049953e+00	5.148693e-01
2.258922e+14	1.072914e+00	5.028996e-01
2.261948e+14	1.088300e+00	4.948788e-01
2.264129e+14	1.099397e+00	4.890943e-01
2.269349e+14	1.125946e+00	4.752541e-01
2.269486e+14	1.126640e+00	4.748919e-01
2.274580e+14	1.152548e+00	4.613863e-01
2.277025e+14	1.164985e+00	4.549025e-01
2.279823e+14	1.179216e+00	4.474837e-01
2.284565e+14	1.203332e+00	4.349121e-01
2.285080e+14	1.205952e+00	4.335463e-01
2.290347e+14	1.232740e+00	4.195813e-01
2.292107e+14	1.241693e+00	4.149144e-01
2.295627e+14	1.259596e+00	4.055814e-01
2.299646e+14	1.280036e+00	3.949256e-01
2.300918e+14	1.286504e+00	3.915541e-01
2.306222e+14	1.313479e+00	3.774919e-01
2.307187e+14	1.318389e+00	3.749322e-01
2.311538e+14	1.340521e+00	3.633947e-01
2.314726e+14	1.356733e+00	3.549429e-01
2.316869e+14	1.367630e+00	3.492627e-01
2.322209e+14	1.394791e+00	3.351032e-01
2.322266e+14	1.395082e+00	3.349515e-01
2.327563e+14	1.422020e+00	3.209088e-01
2.329807e+14	1.433432e+00	3.149592e-01
2.332926e+14	1.449301e+00	3.066870e-01
2.334141e+14	1.455476e+00	3.034676e-01
2.335559e+14	1.462650e+00	3.005210e-01
2.337344e+14	1.471447e+00	2.978342e-01
2.338306e+14	1.476191e+00	2.963852e-01
2.343697e+14	1.502757e+00	2.882716e-01
2.344883e+14	1.508605e+00	2.864854e-01
2.349097e+14	1.529373e+00	2.801425e-01
2.352425e+14	1.545773e+00	2.751338e-01
2.354514e+14	1.556069e+00	2.719891e-01
2.359941e+14	1.582816e+00	2.638202e-01
2.359965e+14	1.582932e+00	2.637846e-01
2.365381e+14	1.609628e+00	2.556315e-01
2.367505e+14	1.620097e+00	2.524340e-01
2.370834e+14	1.636504e+00	2.474229e-01
2.375043e+14	1.657249e+00	2.410873e-01
2.376301e+14	1.663446e+00	2.391944e-01
2.381778e+14	1.690439e+00	2.309505e-01
2.382585e+14	1.694415e+00	2.297360e-01
2.387268e+14	1.717496e+00	2.226867e-01
2.390122e+14	1.731564e+00	2.183900e-01
2.392771e+14	1.744618e+00	2.144030e-01
2.396778e+14	1.764365e+00	2.083720e-01
2.397662e+14	1.767782e+00	2.076392e-01
2.398287e+14	1.770199e+00	2.071210e-01
2.403817e+14	1.791565e+00	2.025393e-01
2.405204e+14	1.796922e+00	2.013905e-01
2.409357e+14	1.812970e+00	1.979491e-01
2.412743e+14	1.826054e+00	1.951433e-01
2.414913e+14	1.834438e+00	1.933453e-01
2.420284e+14	1.855189e+00	1.888955e-01
2.420479e+14	1.855946e+00	1.887332e-01
2.426059e+14	1.877504e+00	1.841102e-01
2.427821e+14	1.884314e+00	1.826499e-01
2.431652e+14	1.899114e+00	1.794761e-01
2.435362e+14	1.913450e+00	1.764018e-01
2.437258e+14	1.920775e+00	1.748311e-01
2.441734e+14	1.938072e+00	1.711218e-01
2.442874e+14	1.941630e+00	1.705123e-01
2.442902e+14	1.941719e+00	1.704970e-01
2.448506e+14	1.959217e+00	1.674990e-01
2.450442e+14	1.965259e+00	1.664637e-01
2.454152e+14	1.976845e+00	1.644787e-01
2.457983e+14	1.988806e+00	1.624294e-01
2.459808e+14	1.994504e+00	1.614530e-01
2.465480e+14	2.012215e+00	1.584185e-01
2.465522e+14	2.012346e+00	1.583960e-01
2.471162e+14	2.029957e+00	1.553786e-01
2.473062e+14	2.035890e+00	1.543622e-01
2.476858e+14	2.047741e+00	1.523316e-01
2.480603e+14	2.059435e+00	1.503280e-01
2.482570e+14	2.065576e+00	1.492758e-01
2.485684e+14	2.075301e+00	1.476096e-01
2.488141e+14	2.081780e+00	1.468316e-01
2.488292e+14	2.082179e+00	1.467837e-01
2.494027e+14	2.097308e+00	1.449672e-01
2.495681e+14	2.101673e+00	1.444432e-01
2.499775e+14	2.112473e+00	1.431464e-01
2.503221e+14	2.121563e+00	1.420550e-01
2.505540e+14	2.127681e+00	1.413204e-01
2.510760e+14	2.141450e+00	1.396671e-01
2.511315e+14	2.142915e+00	1.394912e-01
2.517103e+14	2.158184e+00	1.376579e-01
2.518301e+14	2.161342e+00	1.372787e-01
2.522908e+14	2.173497e+00	1.358193e-01
2.525839e+14	2.181229e+00	1.348909e-01
2.528723e+14	2.188836e+00	1.339775e-01
2.533379e+14	2.201119e+00	1.325028e-01
2.534551e+14	2.204210e+00	1.321316e-01
2.540395e+14	2.219628e+00	1.302804e-01
2.540919e+14	2.221010e+00	1.301145e-01
2.546250e+14	2.235071e+00	1.284261e-01
2.548460e+14	2.240902e+00	1.277261e-01
2.552121e+14	2.250559e+00	1.265665e-01
2.556000e+14	2.260793e+00	1.253377e-01
2.558005e+14	2.266082e+00	1.247027e-01
2.559587e+14	2.270256e+00	1.242015e-01
2.563540e+14	2.279948e+00	1.235516e-01
2.563903e+14	2.280837e+00	1.234920e-01
2.569810e+14	2.295323e+00	1.225207e-01
2.571079e+14	2.298434e+00	1.223120e-01
2.575734e+14	2.309849e+00	1.215466e-01
2.578620e+14	2.316926e+00	1.210721e-01
2.581675e+14	2.324417e+00	1.205698e-01
2.586159e+14	2.335413e+00	1.198324e-01
2.587625e+14	2.339008e+00	1.195913e-01
2.593589e+14	2.353632e+00	1.186108e-01
2.593700e+14	2.353904e+00	1.185926e-01
2.599569e+14	2.368297e+00	1.176274e-01
2.601238e+14	2.372388e+00	1.173531e-01
2.605560e+14	2.382986e+00	1.166425e-01
2.608780e+14	2.390882e+00	1.161130e-01
2.611567e+14	2.397716e+00	1.156548e-01
2.616319e+14	2.409369e+00	1.148734e-01
2.617587e+14	2.412478e+00	1.146649e-01
2.623624e+14	2.427282e+00	1.136722e-01
2.623857e+14	2.427855e+00	1.136338e-01
2.628852e+14	2.440103e+00	1.128125e-01
2.629670e+14	2.442093e+00	1.127721e-01
2.631399e+14	2.446298e+00	1.126866e-01
2.635734e+14	2.456841e+00	1.124723e-01
2.638937e+14	2.464631e+00	1.123140e-01
2.641807e+14	2.471612e+00	1.121721e-01
2.646477e+14	2.482970e+00	1.119413e-01
2.647897e+14	2.486424e+00	1.118711e-01
2.654004e+14	2.501278e+00	1.115692e-01
2.654018e+14	2.501314e+00	1.115685e-01
2.660120e+14	2.516154e+00	1.112669e-01
2.661558e+14	2.519653e+00	1.111958e-01
2.666253e+14	2.531072e+00	1.109637e-01
2.669096e+14	2.537986e+00	1.108232e-01
2.672399e+14	2.546021e+00	1.106599e-01
2.676638e+14	2.556331e+00	1.104504e-01
2.677657e+14	2.558810e+00	1.104000e-01
2.678559e+14	2.560437e+00	1.104347e-01
2.684177e+14	2.570574e+00	1.106508e-01
2.684736e+14	2.571582e+00	1.106723e-01
2.690922e+14	2.582743e+00	1.109102e-01
2.691717e+14	2.584178e+00	1.109408e-01
2.697125e+14	2.593935e+00	1.111489e-01
2.699256e+14	2.597782e+00	1.112309e-01
2.703344e+14	2.605158e+00	1.113881e-01
2.706796e+14	2.611385e+00	1.115209e-01
2.709574e+14	2.616398e+00	1.116277e-01
2.714338e+14	2.624994e+00	1.118110e-01
2.715820e+14	2.627668e+00	1.118680e-01
2.721875e+14	2.638593e+00	1.121009e-01
2.722083e+14	2.638969e+00	1.121089e-01
2.728356e+14	2.650287e+00	1.123502e-01
2.729415e+14	2.652197e+00	1.123910e-01
2.734645e+14	2.661636e+00	1.125922e-01
2.736956e+14	2.665805e+00	1.126811e-01
2.740952e+14	2.673015e+00	1.128348e-01
2.743129e+14	2.676942e+00	1.129185e-01
2.744496e+14	2.677689e+00	1.126910e-01
2.747268e+14	2.679205e+00	1.122298e-01
2.752033e+14	2.681809e+00	1.114371e-01
2.753601e+14	2.682666e+00	1.111762e-01
2.759575e+14	2.685932e+00	1.101823e-01
2.759951e+14	2.686138e+00	1.101198e-01
2.766314e+14	2.689616e+00	1.090612e-01
2.767114e+14	2.690053e+00	1.089281e-01
2.772691e+14	2.693101e+00	1.080004e-01
2.774523e+14	2.694103e+00	1.076955e-01
2.774654e+14	2.694200e+00	1.076667e-01
2.779080e+14	2.697491e+00	1.066890e-01
2.782194e+14	2.699805e+00	1.060013e-01
2.785487e+14	2.702253e+00	1.052739e-01
2.789733e+14	2.705410e+00	1.043360e-01
2.791911e+14	2.707029e+00	1.038551e-01
2.797276e+14	2.711017e+00	1.026700e-01
2.798343e+14	2.711811e+00	1.024342e-01
2.804797e+14	2.716608e+00	1.010087e-01
2.804814e+14	2.716621e+00	1.010050e-01
2.811260e+14	2.721413e+00	9.958117e-02
2.812355e+14	2.722227e+00	9.933936e-02
2.817740e+14	2.726230e+00	9.814985e-02
2.819894e+14	2.727831e+00	9.767407e-02
2.824238e+14	2.731060e+00	9.671472e-02
2.827432e+14	2.733435e+00	9.600920e-02
2.830748e+14	2.735900e+00	9.527672e-02
2.834972e+14	2.739040e+00	9.434387e-02
2.837276e+14	2.740753e+00	9.383490e-02
2.842513e+14	2.744646e+00	9.267816e-02
2.843812e+14	2.745612e+00	9.239115e-02
2.850051e+14	2.750250e+00	9.101309e-02
2.850370e+14	2.750487e+00	9.094264e-02
2.856268e+14	2.754871e+00	8.964000e-02
2.856941e+14	2.756121e+00	8.984589e-02
2.857591e+14	2.757327e+00	9.004453e-02
2.863525e+14	2.768344e+00	9.185894e-02
2.865131e+14	2.771326e+00	9.235001e-02
2.870127e+14	2.780599e+00	9.387729e-02
2.872672e+14	2.785325e+00	9.465565e-02
2.876745e+14	2.792887e+00	9.590094e-02
2.880213e+14	2.799325e+00	9.696134e-02
2.883377e+14	2.805198e+00	9.792854e-02
2.887750e+14	2.813317e+00	9.926564e-02
2.890021e+14	2.817533e+00	9.996010e-02
2.895290e+14	2.827316e+00	1.015712e-01
2.896683e+14	2.829901e+00	1.019970e-01
2.902830e+14	2.841313e+00	1.038764e-01
2.903362e+14	2.842301e+00	1.040391e-01
2.910054e+14	2.854724e+00	1.060852e-01
2.910373e+14	2.855317e+00	1.061828e-01
2.916764e+14	2.867181e+00	1.081367e-01
2.917910e+14	2.869310e+00	1.084873e-01
2.923486e+14	2.879660e+00	1.101920e-01
2.925451e+14	2.883308e+00	1.107927e-01
2.927743e+14	2.887564e+00	1.114938e-01
2.930226e+14	2.891197e+00	1.148601e-01
2.932989e+14	2.895240e+00	1.186072e-01
2.936983e+14	2.901085e+00	1.240239e-01
2.940529e+14	2.906275e+00	1.288332e-01
2.943753e+14	2.910992e+00	1.332051e-01
2.948071e+14	2.917312e+00	1.390618e-01
2.950540e+14	2.920925e+00	1.424100e-01
2.955611e+14	2.928345e+00	1.492865e-01
2.957340e+14	2.930877e+00	1.516322e-01
2.963152e+14	2.939381e+00	1.595131e-01
2.964158e+14	2.940853e+00	1.608780e-01
2.970689e+14	2.950411e+00	1.697348e-01
2.970989e+14	2.950849e+00	1.701412e-01
2.977841e+14	2.960877e+00	1.794344e-01
2.978232e+14	2.961449e+00	1.799640e-01
2.984702e+14	2.970917e+00	1.887386e-01
2.985770e+14	2.972481e+00	1.901876e-01
2.991585e+14	2.980989e+00	1.980728e-01
2.993309e+14	2.983513e+00	2.004115e-01
2.998480e+14	2.991080e+00	2.074243e-01
3.000848e+14	2.994545e+00	2.106353e-01
3.005393e+14	3.001197e+00	2.167995e-01
3.008391e+14	3.005584e+00	2.208651e-01
3.012319e+14	3.011332e+00	2.261920e-01
3.015929e+14	3.016615e+00	2.310877e-01
3.019267e+14	3.021500e+00	2.356147e-01
3.023471e+14	3.027651e+00	2.413155e-01
3.026223e+14	3.031679e+00	2.450480e-01
3.029694e+14	3.036758e+00	2.497551e-01
3.031006e+14	3.036744e+00	2.501072e-01
3.033201e+14	3.036719e+00	2.506961e-01
3.038550e+14	3.036660e+00	2.521311e-01
3.040192e+14	3.036641e+00	2.525716e-01
3.046088e+14	3.036576e+00	2.541532e-01
3.047201e+14	3.036563e+00	2.544518e-01
3.050497e+14	3.036527e+00	2.553362e-01
3.053628e+14	3.034570e+00	2.506626e-01
3.054227e+14	3.034196e+00	2.497688e-01
3.061166e+14	3.029858e+00	2.394093e-01
3.061265e+14	3.029796e+00	2.392609e-01
3.068326e+14	3.025382e+00	2.287193e-01
3.068706e+14	3.025145e+00	2.281525e-01
3.075400e+14	3.020960e+00	2.181589e-01
3.076248e+14	3.020430e+00	2.168926e-01
3.082486e+14	3.016531e+00	2.075798e-01
3.083787e+14	3.015718e+00	2.056374e-01
3.089595e+14	3.012087e+00	1.969670e-01
3.091328e+14	3.011004e+00	1.943799e-01
3.096716e+14	3.007636e+00	1.863355e-01
3.098864e+14	3.006293e+00	1.831281e-01
3.103855e+14	3.003174e+00	1.756777e-01
3.106407e+14	3.001578e+00	1.718671e-01
3.111011e+14	2.998700e+00	1.649938e-01
3.113946e+14	2.996866e+00	1.606127e-01
3.118180e+14	2.994219e+00	1.542912e-01
3.121485e+14	2.992153e+00	1.493574e-01
3.125367e+14	2.989727e+00	1.435624e-01
3.129024e+14	2.987441e+00	1.381019e-01
3.132571e+14	2.985224e+00	1.328073e-01
3.136564e+14	2.982728e+00	1.268464e-01
3.139793e+14	2.980710e+00	1.220260e-01
3.144108e+14	2.978012e+00	1.155834e-01
3.147032e+14	2.976185e+00	1.112184e-01
3.151646e+14	2.973300e+00	1.043291e-01
3.154289e+14	2.971649e+00	1.003845e-01
3.159184e+14	2.968589e+00	9.307609e-02
3.161558e+14	2.967105e+00	8.953213e-02
3.166726e+14	2.963874e+00	8.181673e-02
3.168845e+14	2.962550e+00	7.865352e-02
3.172893e+14	2.960019e+00	7.260932e-02
3.174266e+14	2.961004e+00	7.107642e-02
3.176155e+14	2.962359e+00	6.896867e-02
3.181805e+14	2.966412e+00	6.266031e-02
3.183471e+14	2.967607e+00	6.080064e-02
3.188523e+14	2.971230e+00	5.516160e-02
3.189342e+14	2.972320e+00	5.514719e-02
3.190811e+14	2.974271e+00	5.512138e-02
3.196883e+14	2.982339e+00	5.501468e-02
3.198168e+14	2.984047e+00	5.499209e-02
3.204426e+14	2.992362e+00	5.488212e-02
3.205538e+14	2.993839e+00	5.486258e-02
3.211967e+14	3.002382e+00	5.474960e-02
3.212930e+14	3.003662e+00	5.473266e-02
3.219505e+14	3.012397e+00	5.461713e-02
3.220335e+14	3.013501e+00	5.460254e-02
3.227045e+14	3.022416e+00	5.448462e-02
3.227758e+14	3.023364e+00	5.447210e-02
3.234581e+14	3.032431e+00	5.435218e-02
3.235203e+14	3.033257e+00	5.434125e-02
3.242126e+14	3.042455e+00	5.421960e-02
3.242661e+14	3.043166e+00	5.421019e-02
3.249666e+14	3.052474e+00	5.408709e-02
3.250136e+14	3.053099e+00	5.407882e-02
3.257202e+14	3.062487e+00	5.395466e-02
3.257624e+14	3.063048e+00	5.394724e-02
3.264744e+14	3.072509e+00	5.382211e-02
3.265134e+14	3.073027e+00	5.381525e-02
3.272282e+14	3.082525e+00	5.368964e-02
3.272663e+14	3.083031e+00	5.368295e-02
3.279821e+14	3.092542e+00	5.355716e-02
3.280209e+14	3.093057e+00	5.355034e-02
3.287365e+14	3.102566e+00	5.342457e-02
3.287767e+14	3.103100e+00	5.341752e-02
3.294905e+14	3.112584e+00	5.329208e-02
3.295348e+14	3.113173e+00	5.328429e-02
3.302444e+14	3.122601e+00	5.315959e-02
3.302947e+14	3.123270e+00	5.315074e-02
3.309982e+14	3.132619e+00	5.302711e-02
3.310558e+14	3.133383e+00	5.301699e-02
3.317521e+14	3.142635e+00	5.289463e-02
3.318192e+14	3.143527e+00	5.288283e-02
3.325064e+14	3.152658e+00	5.276207e-02
3.325839e+14	3.153687e+00	5.274846e-02
3.332601e+14	3.162672e+00	5.262962e-02
3.333508e+14	3.163878e+00	5.261367e-02
3.340142e+14	3.172692e+00	5.249710e-02
3.341190e+14	3.174085e+00	5.247868e-02
3.347682e+14	3.182711e+00	5.236460e-02
3.348895e+14	3.184323e+00	5.234328e-02
3.355219e+14	3.192726e+00	5.223213e-02
3.356612e+14	3.194576e+00	5.220766e-02
3.362761e+14	3.202748e+00	5.209959e-02
3.364352e+14	3.204861e+00	5.207164e-02
3.370301e+14	3.212766e+00	5.196709e-02
3.372104e+14	3.215162e+00	5.193540e-02
3.377839e+14	3.222781e+00	5.183463e-02
3.379880e+14	3.225494e+00	5.179876e-02
3.385379e+14	3.232801e+00	5.170211e-02
3.387673e+14	3.235849e+00	5.166180e-02
3.392917e+14	3.242817e+00	5.156964e-02
3.395251e+14	3.245918e+00	5.152862e-02
3.395478e+14	3.246194e+00	5.166489e-02
3.400458e+14	3.252237e+00	5.465790e-02
3.403307e+14	3.255694e+00	5.637003e-02
3.408002e+14	3.261391e+00	5.919168e-02
3.411153e+14	3.265216e+00	6.108577e-02
3.415542e+14	3.270541e+00	6.372331e-02
3.419017e+14	3.274759e+00	6.581214e-02
3.423078e+14	3.279686e+00	6.825261e-02
3.426899e+14	3.284323e+00	7.054911e-02
3.430616e+14	3.288834e+00	7.278319e-02
3.434799e+14	3.293909e+00	7.529668e-02
3.438157e+14	3.297984e+00	7.731491e-02
3.442716e+14	3.303517e+00	8.005486e-02
3.445699e+14	3.307137e+00	8.184768e-02
3.450650e+14	3.313146e+00	8.482363e-02
3.453236e+14	3.316283e+00	8.637756e-02
3.453770e+14	3.316932e+00	8.669864e-02
3.458609e+14	3.317848e+00	8.846443e-02
3.460780e+14	3.318260e+00	8.925693e-02
3.466579e+14	3.319358e+00	9.137282e-02
3.468320e+14	3.319688e+00	9.200827e-02
3.474573e+14	3.320873e+00	9.428996e-02
3.475860e+14	3.321117e+00	9.475992e-02
3.482584e+14	3.322391e+00	9.721355e-02
3.483395e+14	3.322544e+00	9.750947e-02
3.490607e+14	3.323911e+00	1.001412e-01
3.490936e+14	3.323973e+00	1.002615e-01
3.498478e+14	3.325402e+00	1.030137e-01
3.498654e+14	3.325435e+00	1.030777e-01
3.506020e+14	3.326831e+00	1.057659e-01
3.506724e+14	3.326965e+00	1.060229e-01
3.513555e+14	3.328259e+00	1.085156e-01
3.514807e+14	3.328496e+00	1.089722e-01
3.521096e+14	3.329687e+00	1.112675e-01
3.522906e+14	3.330030e+00	1.119279e-01
3.528637e+14	3.331116e+00	1.140193e-01
3.531030e+14	3.331570e+00	1.148925e-01
3.536177e+14	3.332545e+00	1.167708e-01
3.539171e+14	3.333112e+00	1.178635e-01
3.543716e+14	3.333973e+00	1.195218e-01
3.547330e+14	3.334658e+00	1.208409e-01
3.551253e+14	3.335401e+00	1.222725e-01
3.555507e+14	3.336207e+00	1.238247e-01
3.558796e+14	3.336830e+00	1.250250e-01
3.563701e+14	3.337760e+00	1.268149e-01
3.566338e+14	3.338259e+00	1.277770e-01
3.571913e+14	3.339315e+00	1.298116e-01
3.573877e+14	3.339688e+00	1.305283e-01
3.580149e+14	3.340876e+00	1.328171e-01
3.581414e+14	3.341116e+00	1.332788e-01
3.588403e+14	3.342440e+00	1.358290e-01
3.588956e+14	3.342544e+00	1.360310e-01
3.596495e+14	3.343973e+00	1.387822e-01
3.596674e+14	3.344007e+00	1.388474e-01
3.604032e+14	3.345401e+00	1.415325e-01
3.604969e+14	3.345578e+00	1.418746e-01
3.611573e+14	3.346830e+00	1.442843e-01
3.612334e+14	3.346974e+00	1.445621e-01
3.613276e+14	3.346827e+00	1.443750e-01
3.619117e+14	3.345917e+00	1.432143e-01
3.621606e+14	3.345530e+00	1.427197e-01
3.626651e+14	3.344744e+00	1.417174e-01
3.629955e+14	3.344230e+00	1.410610e-01
3.634196e+14	3.343569e+00	1.402183e-01
3.638320e+14	3.342927e+00	1.393987e-01
3.641737e+14	3.342395e+00	1.387200e-01
3.646711e+14	3.341621e+00	1.377316e-01
3.649274e+14	3.341221e+00	1.372224e-01
3.653532e+14	3.340558e+00	1.363763e-01
3.655119e+14	3.340923e+00	1.353433e-01
3.656813e+14	3.341313e+00	1.342397e-01
3.663544e+14	3.342861e+00	1.298570e-01
3.664356e+14	3.343047e+00	1.293283e-01
3.671894e+14	3.344781e+00	1.244200e-01
3.671987e+14	3.344802e+00	1.243594e-01
3.679434e+14	3.346515e+00	1.195100e-01
3.680454e+14	3.346749e+00	1.188457e-01
3.686976e+14	3.348249e+00	1.145987e-01
3.688939e+14	3.348701e+00	1.133207e-01
3.694514e+14	3.349982e+00	1.096908e-01
3.697441e+14	3.350656e+00	1.077843e-01
3.702053e+14	3.351716e+00	1.047816e-01
3.705961e+14	3.352615e+00	1.022365e-01
3.709593e+14	3.353450e+00	9.987148e-02
3.714506e+14	3.354580e+00	9.667270e-02
3.717135e+14	3.355185e+00	9.496035e-02
3.723068e+14	3.356549e+00	9.109750e-02
3.724671e+14	3.356918e+00	9.005318e-02
3.731654e+14	3.358523e+00	8.550617e-02
3.732208e+14	3.358651e+00	8.514533e-02
3.739754e+14	3.360386e+00	8.023206e-02
3.740258e+14	3.360502e+00	7.990348e-02
3.747293e+14	3.362120e+00	7.532314e-02
3.748880e+14	3.362485e+00	7.428946e-02
3.754832e+14	3.363853e+00	7.041387e-02
3.757519e+14	3.364471e+00	6.866413e-02
3.762371e+14	3.365587e+00	6.550436e-02
3.766183e+14	3.366464e+00	6.302261e-02
3.769911e+14	3.367321e+00	6.059474e-02
3.774864e+14	3.368460e+00	5.736979e-02
3.777451e+14	3.369055e+00	5.568512e-02
3.783562e+14	3.370460e+00	5.170568e-02
3.784991e+14	3.370789e+00	5.077562e-02
3.792286e+14	3.372466e+00	4.602535e-02
3.792530e+14	3.372522e+00	4.586636e-02
3.800069e+14	3.374256e+00	4.095745e-02
3.800903e+14	3.374448e+00	4.041400e-02
3.801026e+14	3.374496e+00	4.041196e-02
3.807606e+14	3.377037e+00	4.030330e-02
3.809792e+14	3.377882e+00	4.026721e-02
3.815151e+14	3.379952e+00	4.017871e-02
3.818575e+14	3.381274e+00	4.012217e-02
3.822687e+14	3.382863e+00	4.005426e-02
3.827375e+14	3.384673e+00	3.997684e-02
3.830230e+14	3.385776e+00	3.992971e-02
3.836201e+14	3.388082e+00	3.983110e-02
3.837771e+14	3.388689e+00	3.980518e-02
3.845043e+14	3.391498e+00	3.968507e-02
3.845310e+14	3.391601e+00	3.968067e-02
3.852848e+14	3.394513e+00	3.955620e-02
3.853911e+14	3.394923e+00	3.953864e-02
3.860391e+14	3.397426e+00	3.943163e-02
3.862788e+14	3.398352e+00	3.939204e-02
3.867932e+14	3.400339e+00	3.930709e-02
3.871698e+14	3.401794e+00	3.924490e-02
3.875471e+14	3.403251e+00	3.918259e-02
3.880617e+14	3.405239e+00	3.909761e-02
3.883008e+14	3.406163e+00	3.905814e-02
3.889570e+14	3.408697e+00	3.894977e-02
3.890549e+14	3.409076e+00	3.893360e-02
3.898088e+14	3.411988e+00	3.880910e-02
3.898532e+14	3.412159e+00	3.880178e-02
3.905632e+14	3.414902e+00	3.868452e-02
3.907518e+14	3.415630e+00	3.865337e-02
3.913164e+14	3.417811e+00	3.856014e-02
3.916530e+14	3.419111e+00	3.850455e-02
3.920710e+14	3.420726e+00	3.843553e-02
3.925560e+14	3.422599e+00	3.835544e-02
3.928251e+14	3.423639e+00	3.831099e-02
3.934606e+14	3.426093e+00	3.820605e-02
3.935789e+14	3.426550e+00	3.818652e-02
3.943331e+14	3.429464e+00	3.806197e-02
3.943678e+14	3.429598e+00	3.805624e-02
3.950869e+14	3.432375e+00	3.793749e-02
3.952766e+14	3.433108e+00	3.790616e-02
3.958411e+14	3.435289e+00	3.781294e-02
3.961880e+14	3.436629e+00	3.775565e-02
3.965948e+14	3.438200e+00	3.768847e-02
3.971011e+14	3.440156e+00	3.760486e-02
3.973489e+14	3.441113e+00	3.756394e-02
3.980168e+14	3.443693e+00	3.745365e-02
3.981025e+14	3.444024e+00	3.743949e-02
3.988564e+14	3.446936e+00	3.731499e-02
3.989341e+14	3.447236e+00	3.730217e-02
3.996107e+14	3.449849e+00	3.719043e-02
3.998540e+14	3.450789e+00	3.715026e-02
4.003644e+14	3.452761e+00	3.706597e-02
4.007755e+14	3.454349e+00	3.699807e-02
4.011184e+14	3.455673e+00	3.694145e-02
4.016997e+14	3.457919e+00	3.684546e-02
4.018727e+14	3.458587e+00	3.681689e-02
4.026255e+14	3.461495e+00	3.669258e-02
4.026263e+14	3.461498e+00	3.669243e-02
4.033803e+14	3.464410e+00	3.656793e-02
4.035538e+14	3.465081e+00	3.653927e-02
4.038444e+14	3.466203e+00	3.649128e-02
4.041344e+14	3.467254e+00	3.656315e-02
4.044839e+14	3.468520e+00	3.664977e-02
4.048888e+14	3.469987e+00	3.675011e-02
4.054165e+14	3.471899e+00	3.688091e-02
4.056425e+14	3.472717e+00	3.693691e-02
4.063508e+14	3.475284e+00	3.711247e-02
4.063963e+14	3.475449e+00	3.712376e-02
4.071504e+14	3.478181e+00	3.731064e-02
4.072876e+14	3.478678e+00	3.734466e-02
4.079046e+14	3.480913e+00	3.749757e-02
4.082261e+14	3.482078e+00	3.757726e-02
4.086580e+14	3.483643e+00	3.768431e-02
4.091672e+14	3.485488e+00	3.781051e-02
4.094125e+14	3.486376e+00	3.787130e-02
4.101109e+14	3.488907e+00	3.804438e-02
4.101662e+14	3.489107e+00	3.805810e-02
4.109200e+14	3.491838e+00	3.824492e-02
4.110562e+14	3.492331e+00	3.827867e-02
4.116747e+14	3.494572e+00	3.843198e-02
4.120040e+14	3.495766e+00	3.851360e-02
4.124286e+14	3.497304e+00	3.861883e-02
4.129536e+14	3.499206e+00	3.874894e-02
4.131826e+14	3.500036e+00	3.880570e-02
4.139057e+14	3.502655e+00	3.898492e-02
4.139366e+14	3.502767e+00	3.899258e-02
4.146906e+14	3.505499e+00	3.917946e-02
4.148595e+14	3.506111e+00	3.922131e-02
4.154438e+14	3.508228e+00	3.936612e-02
4.158158e+14	3.509576e+00	3.945834e-02
4.161978e+14	3.510960e+00	3.955300e-02
4.167748e+14	3.513050e+00	3.969600e-02
4.169518e+14	3.513691e+00	3.973987e-02
4.177057e+14	3.516423e+00	3.992674e-02
4.177354e+14	3.516530e+00	3.993408e-02
4.184606e+14	3.519158e+00	4.011382e-02
4.186985e+14	3.520020e+00	4.017279e-02
4.192144e+14	3.521889e+00	4.030065e-02
4.196633e+14	3.523515e+00	4.041192e-02
4.199681e+14	3.524620e+00	4.048746e-02
4.206307e+14	3.527020e+00	4.065168e-02
4.207218e+14	3.527350e+00	4.067425e-02
4.214763e+14	3.530083e+00	4.086124e-02
4.216007e+14	3.530534e+00	4.089208e-02
4.222296e+14	3.532813e+00	4.104797e-02
4.225723e+14	3.534055e+00	4.113289e-02
4.229838e+14	3.535546e+00	4.123489e-02
4.235465e+14	3.537584e+00	4.137434e-02
4.235685e+14	3.537664e+00	4.137980e-02
4.237379e+14	3.538092e+00	4.139593e-02
4.244917e+14	3.539996e+00	4.146772e-02
4.245233e+14	3.540076e+00	4.147072e-02
4.252464e+14	3.541903e+00	4.153958e-02
4.255017e+14	3.542548e+00	4.156390e-02
4.259998e+14	3.543807e+00	4.161134e-02
4.264827e+14	3.545027e+00	4.165732e-02
4.267541e+14	3.545712e+00	4.168316e-02
4.274654e+14	3.547509e+00	4.175090e-02
4.275080e+14	3.547617e+00	4.175496e-02
4.282618e+14	3.549522e+00	4.182674e-02
4.284516e+14	3.550001e+00	4.184482e-02
4.290162e+14	3.551428e+00	4.189859e-02
4.294384e+14	3.552494e+00	4.193880e-02
4.297704e+14	3.553333e+00	4.197040e-02
4.304289e+14	3.554997e+00	4.203311e-02
4.305242e+14	3.555238e+00	4.204220e-02
4.312778e+14	3.557142e+00	4.211396e-02
4.314209e+14	3.557503e+00	4.212759e-02
4.320320e+14	3.559047e+00	4.218578e-02
4.324155e+14	3.560016e+00	4.222231e-02
4.327859e+14	3.560952e+00	4.225757e-02
4.334128e+14	3.562536e+00	4.231728e-02
4.335394e+14	3.562856e+00	4.232933e-02
4.342935e+14	3.564761e+00	4.240115e-02
4.344117e+14	3.565060e+00	4.241240e-02
4.350473e+14	3.566666e+00	4.247293e-02
4.354131e+14	3.567590e+00	4.250777e-02
4.358017e+14	3.568572e+00	4.254477e-02
4.364162e+14	3.570124e+00	4.260329e-02
4.365556e+14	3.570477e+00	4.261657e-02
4.373102e+14	3.572383e+00	4.268843e-02
4.374228e+14	3.572668e+00	4.269915e-02
4.380633e+14	3.574286e+00	4.276014e-02
4.384311e+14	3.575215e+00	4.279517e-02
4.388179e+14	3.576192e+00	4.283201e-02
4.394420e+14	3.577769e+00	4.289144e-02
4.395721e+14	3.578098e+00	4.290383e-02
4.403258e+14	3.580002e+00	4.297561e-02
4.404544e+14	3.580327e+00	4.298786e-02
4.410800e+14	3.581908e+00	4.304743e-02
4.414705e+14	3.582894e+00	4.308462e-02
4.418338e+14	3.583812e+00	4.311921e-02
4.424882e+14	3.585466e+00	4.318153e-02
4.425880e+14	3.585718e+00	4.319103e-02
4.433416e+14	3.587622e+00	4.326280e-02
4.435075e+14	3.588041e+00	4.327860e-02
4.440958e+14	3.589527e+00	4.333462e-02
4.445304e+14	3.590625e+00	4.337601e-02
4.448493e+14	3.591431e+00	4.340638e-02
4.455549e+14	3.593214e+00	4.347357e-02
4.456033e+14	3.593336e+00	4.347819e-02
4.463578e+14	3.595242e+00	4.355004e-02
4.465820e+14	3.595809e+00	4.357139e-02
4.471116e+14	3.597147e+00	4.362182e-02
4.476117e+14	3.598410e+00	4.366945e-02
4.478659e+14	3.599053e+00	4.369365e-02
4.486195e+14	3.600957e+00	4.376542e-02
4.486430e+14	3.601016e+00	4.376766e-02
4.493735e+14	3.602862e+00	4.383722e-02
4.496780e+14	3.603631e+00	4.386622e-02
4.501279e+14	3.604768e+00	4.390907e-02
4.507145e+14	3.606250e+00	4.396493e-02
4.508816e+14	3.606672e+00	4.398084e-02
4.516357e+14	3.608577e+00	4.405265e-02
4.517536e+14	3.608875e+00	4.406389e-02
4.523890e+14	3.610480e+00	4.412439e-02
4.527943e+14	3.611505e+00	4.416299e-02
4.531437e+14	3.612387e+00	4.419627e-02
4.538387e+14	3.614143e+00	4.426245e-02
4.538977e+14	3.614292e+00	4.426807e-02
4.546510e+14	3.616195e+00	4.433980e-02
4.548847e+14	3.616786e+00	4.436205e-02
4.554056e+14	3.618102e+00	4.441166e-02
4.559332e+14	3.619435e+00	4.446191e-02
4.561594e+14	3.620007e+00	4.448345e-02
4.569135e+14	3.621912e+00	4.455526e-02
4.569844e+14	3.622091e+00	4.456202e-02
4.576668e+14	3.623815e+00	4.462700e-02
4.580382e+14	3.624754e+00	4.466237e-02
4.584214e+14	3.625722e+00	4.469886e-02
4.590936e+14	3.627420e+00	4.476287e-02
4.591752e+14	3.627626e+00	4.477065e-02
4.599292e+14	3.629531e+00	4.484245e-02
4.601515e+14	3.630093e+00	4.486362e-02
4.606835e+14	3.631437e+00	4.491428e-02
4.612121e+14	3.632773e+00	4.496462e-02
4.614368e+14	3.633340e+00	4.498602e-02
4.621915e+14	3.635247e+00	4.505789e-02
4.622754e+14	3.635459e+00	4.506588e-02
4.629452e+14	3.637151e+00	4.512967e-02
4.633412e+14	3.638152e+00	4.516738e-02
4.636991e+14	3.639056e+00	4.520146e-02
4.644098e+14	3.640852e+00	4.526913e-02
4.644532e+14	3.640961e+00	4.527328e-02
4.652075e+14	3.642867e+00	4.534510e-02
4.654797e+14	3.643555e+00	4.537103e-02
4.659607e+14	3.644770e+00	4.541683e-02
4.665535e+14	3.646268e+00	4.547329e-02
4.667153e+14	3.646677e+00	4.548869e-02
4.674688e+14	3.648580e+00	4.556045e-02
4.676288e+14	3.648985e+00	4.557569e-02
4.682235e+14	3.650487e+00	4.563232e-02
4.687067e+14	3.651708e+00	4.567834e-02
4.689773e+14	3.652392e+00	4.570410e-02
4.697311e+14	3.654296e+00	4.577589e-02
4.697873e+14	3.654438e+00	4.578124e-02
4.704849e+14	3.656201e+00	4.584768e-02
4.708704e+14	3.657175e+00	4.588439e-02
4.712389e+14	3.658106e+00	4.591948e-02
4.719563e+14	3.659918e+00	4.598779e-02
4.719929e+14	3.660011e+00	4.599128e-02
4.727470e+14	3.661916e+00	4.606309e-02
4.730436e+14	3.662665e+00	4.609134e-02
4.735010e+14	3.663821e+00	4.613490e-02
4.741347e+14	3.665422e+00	4.619524e-02
4.742552e+14	3.665727e+00	4.620672e-02
4.750093e+14	3.667632e+00	4.627853e-02
4.752272e+14	3.668183e+00	4.629929e-02
4.757622e+14	3.669534e+00	4.635024e-02
4.763224e+14	3.670950e+00	4.640359e-02
4.765163e+14	3.671440e+00	4.642205e-02
4.772704e+14	3.673345e+00	4.649386e-02
4.774203e+14	3.673724e+00	4.650814e-02
4.780245e+14	3.675250e+00	4.656567e-02
4.785208e+14	3.676504e+00	4.661294e-02
4.787785e+14	3.677155e+00	4.663748e-02
4.795324e+14	3.679060e+00	4.670927e-02
4.796239e+14	3.679291e+00	4.671799e-02
4.802863e+14	3.680965e+00	4.678107e-02
4.807073e+14	3.682028e+00	4.682116e-02
4.807297e+14	3.682049e+00	4.682163e-02
4.810401e+14	3.682340e+00	4.682821e-02
4.817950e+14	3.683045e+00	4.684422e-02
4.818381e+14	3.683086e+00	4.684513e-02
4.825486e+14	3.683750e+00	4.686019e-02
4.829492e+14	3.684125e+00	4.686869e-02
4.833021e+14	3.684455e+00	4.687617e-02
4.840567e+14	3.685160e+00	4.689216e-02
4.840617e+14	3.685165e+00	4.689227e-02
4.848112e+14	3.685866e+00	4.690816e-02
4.851781e+14	3.686209e+00	4.691593e-02
4.855643e+14	3.686570e+00	4.692412e-02
4.862971e+14	3.687255e+00	4.693966e-02
4.863184e+14	3.687275e+00	4.694011e-02
4.870724e+14	3.687980e+00	4.695609e-02
4.874175e+14	3.688303e+00	4.696341e-02
4.878262e+14	3.688685e+00	4.697207e-02
4.885418e+14	3.689354e+00	4.698724e-02
4.885811e+14	3.689391e+00	4.698807e-02
4.893345e+14	3.690095e+00	4.700405e-02
4.896675e+14	3.690407e+00	4.701111e-02
4.900889e+14	3.690801e+00	4.702004e-02
4.907959e+14	3.691462e+00	4.703503e-02
4.908419e+14	3.691505e+00	4.703600e-02
4.915959e+14	3.692210e+00	4.705198e-02
4.919282e+14	3.692521e+00	4.705903e-02
4.923509e+14	3.692916e+00	4.706799e-02
4.930618e+14	3.693581e+00	4.708306e-02
4.931044e+14	3.693621e+00	4.708396e-02
4.938589e+14	3.694326e+00	4.709996e-02
4.941981e+14	3.694643e+00	4.710715e-02
4.946118e+14	3.695030e+00	4.711592e-02
4.953370e+14	3.695708e+00	4.713129e-02
4.953657e+14	3.695735e+00	4.713190e-02
4.961206e+14	3.696441e+00	4.714790e-02
4.964799e+14	3.696777e+00	4.715552e-02
4.968739e+14	3.697145e+00	4.716387e-02
4.976242e+14	3.697847e+00	4.717978e-02
4.976281e+14	3.697851e+00	4.717986e-02
4.983820e+14	3.698556e+00	4.719584e-02
4.987711e+14	3.698919e+00	4.720409e-02
4.991356e+14	3.699260e+00	4.721182e-02
4.998901e+14	3.699966e+00	4.722781e-02
4.999206e+14	3.699994e+00	4.722846e-02
5.006442e+14	3.700671e+00	4.724380e-02
5.010728e+14	3.701072e+00	4.725288e-02
5.013980e+14	3.701376e+00	4.725978e-02
5.021527e+14	3.702081e+00	4.727577e-02
5.022289e+14	3.702153e+00	4.727739e-02
5.029056e+14	3.702786e+00	4.729174e-02
5.033864e+14	3.703235e+00	4.730193e-02
5.036608e+14	3.703492e+00	4.730775e-02
5.044142e+14	3.704196e+00	4.732372e-02
5.045465e+14	3.704320e+00	4.732652e-02
5.051685e+14	3.704902e+00	4.733971e-02
5.057093e+14	3.705407e+00	4.735117e-02
5.059224e+14	3.705606e+00	4.735569e-02
5.066758e+14	3.706311e+00	4.737166e-02
5.068761e+14	3.706498e+00	4.737591e-02
5.074301e+14	3.707016e+00	4.738765e-02
5.080442e+14	3.707590e+00	4.740067e-02
5.081839e+14	3.707721e+00	4.740363e-02
5.089385e+14	3.708427e+00	4.741963e-02
5.092149e+14	3.708685e+00	4.742548e-02
5.096927e+14	3.709132e+00	4.743561e-02
5.103896e+14	3.709784e+00	4.745039e-02
5.104463e+14	3.709837e+00	4.745159e-02
5.111994e+14	3.710541e+00	4.746755e-02
5.115656e+14	3.710883e+00	4.747532e-02
5.119533e+14	3.711246e+00	4.748353e-02
5.127080e+14	3.711952e+00	4.749953e-02
5.127443e+14	3.711985e+00	4.750030e-02
5.134622e+14	3.712657e+00	4.751552e-02
5.139270e+14	3.713091e+00	4.752537e-02
5.142158e+14	3.713361e+00	4.753150e-02
5.149702e+14	3.714067e+00	4.754749e-02
5.151109e+14	3.714198e+00	4.755047e-02
5.157240e+14	3.714772e+00	4.756347e-02
5.162989e+14	3.715309e+00	4.757566e-02
5.164771e+14	3.715476e+00	4.757944e-02
5.172325e+14	3.716182e+00	4.759545e-02
5.174895e+14	3.716423e+00	4.760090e-02
5.179858e+14	3.716887e+00	4.761142e-02
5.186814e+14	3.717537e+00	4.762616e-02
5.187399e+14	3.717592e+00	4.762740e-02
5.194933e+14	3.718296e+00	4.764337e-02
5.198773e+14	3.718655e+00	4.765151e-02
5.202475e+14	3.719002e+00	4.765936e-02
5.210010e+14	3.719706e+00	4.767534e-02
5.210759e+14	3.719776e+00	4.767692e-02
5.217552e+14	3.720411e+00	4.769132e-02
5.222771e+14	3.720899e+00	4.770239e-02
5.225102e+14	3.721117e+00	4.770733e-02
5.232630e+14	3.721821e+00	4.772329e-02
5.234810e+14	3.722025e+00	4.772791e-02
5.240180e+14	3.722527e+00	4.773929e-02
5.246875e+14	3.723153e+00	4.775348e-02
5.247722e+14	3.723233e+00	4.775528e-02
5.255257e+14	3.723937e+00	4.777125e-02
5.258981e+14	3.724285e+00	4.777915e-02
5.262799e+14	3.724642e+00	4.778724e-02
5.270333e+14	3.725347e+00	4.780321e-02
5.271099e+14	3.725418e+00	4.780484e-02
5.277874e+14	3.726052e+00	4.781920e-02
5.283258e+14	3.726555e+00	4.783061e-02
5.285421e+14	3.726758e+00	4.783520e-02
5.292961e+14	3.727463e+00	4.785118e-02
5.295429e+14	3.727694e+00	4.785641e-02
5.300492e+14	3.728167e+00	4.786715e-02
5.307641e+14	3.728835e+00	4.788230e-02
5.308030e+14	3.728872e+00	4.788312e-02
5.315574e+14	3.729577e+00	4.789912e-02
5.319879e+14	3.729980e+00	4.790824e-02
5.323109e+14	3.730282e+00	4.791509e-02
5.330651e+14	3.730987e+00	4.793108e-02
5.332129e+14	3.731125e+00	4.793421e-02
5.338199e+14	3.731693e+00	4.794708e-02
5.344435e+14	3.732276e+00	4.796030e-02
5.345739e+14	3.732398e+00	4.796306e-02
5.353269e+14	3.733102e+00	4.797903e-02
5.356753e+14	3.733428e+00	4.798641e-02
5.360820e+14	3.733808e+00	4.799503e-02
5.368347e+14	3.734512e+00	4.801099e-02
5.369097e+14	3.734582e+00	4.801258e-02
5.375895e+14	3.735218e+00	4.802699e-02
5.381467e+14	3.735739e+00	4.803880e-02
5.383434e+14	3.735923e+00	4.804297e-02
5.390978e+14	3.736628e+00	4.805897e-02
5.393879e+14	3.736899e+00	4.806511e-02
5.398513e+14	3.737333e+00	4.807494e-02
5.406053e+14	3.738038e+00	4.809092e-02
5.406317e+14	3.738062e+00	4.809148e-02
5.413599e+14	3.738743e+00	4.810692e-02
5.418781e+14	3.739228e+00	4.811790e-02
5.421135e+14	3.739448e+00	4.812289e-02
5.428676e+14	3.740153e+00	4.813888e-02
5.431272e+14	3.740396e+00	4.814438e-02
5.436206e+14	3.740857e+00	4.815484e-02
5.443758e+14	3.741563e+00	4.817085e-02
5.443789e+14	3.741566e+00	4.817092e-02
5.451299e+14	3.742269e+00	4.818684e-02
5.456333e+14	3.742739e+00	4.819751e-02
5.458829e+14	3.742973e+00	4.820280e-02
5.466365e+14	3.743677e+00	4.821878e-02
5.468918e+14	3.743916e+00	4.822419e-02
5.473905e+14	3.744382e+00	4.823476e-02
5.481450e+14	3.745088e+00	4.825075e-02
5.481530e+14	3.745095e+00	4.825092e-02
5.488984e+14	3.745792e+00	4.826673e-02
5.494152e+14	3.746276e+00	4.827768e-02
5.496523e+14	3.746497e+00	4.828271e-02
5.504066e+14	3.747203e+00	4.829870e-02
5.506832e+14	3.747461e+00	4.830456e-02
5.511614e+14	3.747909e+00	4.831470e-02
5.519151e+14	3.748613e+00	4.833068e-02
5.519523e+14	3.748648e+00	4.833146e-02
5.526692e+14	3.749318e+00	4.834666e-02
5.532239e+14	3.749837e+00	4.835842e-02
5.534237e+14	3.750024e+00	4.836266e-02
5.541770e+14	3.750728e+00	4.837863e-02
5.544998e+14	3.751030e+00	4.838547e-02
5.549308e+14	3.751433e+00	4.839460e-02
5.556850e+14	3.752138e+00	4.841059e-02
5.557783e+14	3.752226e+00	4.841257e-02
5.564395e+14	3.752844e+00	4.842659e-02
5.570595e+14	3.753424e+00	4.843973e-02
5.571929e+14	3.753548e+00	4.844256e-02
5.579466e+14	3.754253e+00	4.845854e-02
5.583432e+14	3.754624e+00	4.846694e-02
5.587007e+14	3.754958e+00	4.847452e-02
5.594552e+14	3.755664e+00	4.849052e-02
5.596296e+14	3.755827e+00	4.849421e-02
5.602084e+14	3.756368e+00	4.850648e-02
5.609202e+14	3.757034e+00	4.852157e-02
5.609620e+14	3.757073e+00	4.852246e-02
5.617176e+14	3.757779e+00	4.853848e-02
5.622135e+14	3.758243e+00	4.854899e-02
5.624702e+14	3.758483e+00	4.855443e-02
5.632248e+14	3.759189e+00	4.857043e-02
5.635093e+14	3.759455e+00	4.857646e-02
5.639780e+14	3.759893e+00	4.858639e-02
5.647333e+14	3.760599e+00	4.860241e-02
5.648078e+14	3.760669e+00	4.860398e-02
5.654872e+14	3.761304e+00	4.861839e-02
5.661105e+14	3.761887e+00	4.863160e-02
5.662415e+14	3.762010e+00	4.863438e-02
5.669943e+14	3.762714e+00	4.865034e-02
5.674159e+14	3.763108e+00	4.865927e-02
5.677492e+14	3.763419e+00	4.866634e-02
5.685026e+14	3.764124e+00	4.868231e-02
5.687239e+14	3.764331e+00	4.868700e-02
5.692563e+14	3.764829e+00	4.869829e-02
5.700103e+14	3.765534e+00	4.871427e-02
5.700344e+14	3.765556e+00	4.871478e-02
5.707645e+14	3.766239e+00	4.873026e-02
5.713493e+14	3.766786e+00	4.874266e-02
5.715191e+14	3.766945e+00	4.874625e-02
5.722721e+14	3.767649e+00	4.876222e-02
5.726650e+14	3.768016e+00	4.877055e-02
5.730271e+14	3.768355e+00	4.877822e-02
5.737807e+14	3.769059e+00	4.879420e-02
5.739851e+14	3.769250e+00	4.879853e-02
5.745344e+14	3.769764e+00	4.881018e-02
5.752884e+14	3.770469e+00	4.882616e-02
5.753095e+14	3.770489e+00	4.882661e-02
5.760427e+14	3.771174e+00	4.884215e-02
5.766348e+14	3.771728e+00	4.885470e-02
5.767971e+14	3.771880e+00	4.885814e-02
5.775500e+14	3.772584e+00	4.887410e-02
5.779643e+14	3.772971e+00	4.888289e-02
5.783048e+14	3.773290e+00	4.889010e-02
5.790581e+14	3.773994e+00	4.890607e-02
5.792965e+14	3.774217e+00	4.891113e-02
5.798115e+14	3.774699e+00	4.892204e-02
5.805669e+14	3.775405e+00	4.893806e-02
5.806331e+14	3.775467e+00	4.893946e-02
5.813207e+14	3.776110e+00	4.895404e-02
5.819704e+14	3.776717e+00	4.896781e-02
5.820746e+14	3.776815e+00	4.897002e-02
5.828287e+14	3.777520e+00	4.898601e-02
5.833121e+14	3.777972e+00	4.899625e-02
5.835830e+14	3.778225e+00	4.900200e-02
5.843356e+14	3.778929e+00	4.901795e-02
5.846564e+14	3.779229e+00	4.902475e-02
5.850901e+14	3.779635e+00	4.903394e-02
5.858448e+14	3.780340e+00	4.904994e-02
5.860051e+14	3.780490e+00	4.905334e-02
5.865977e+14	3.781044e+00	4.906590e-02
5.873526e+14	3.781750e+00	4.908191e-02
5.873563e+14	3.781754e+00	4.908198e-02
5.881058e+14	3.782454e+00	4.909787e-02
5.887101e+14	3.783020e+00	4.911068e-02
5.888609e+14	3.783161e+00	4.911388e-02
5.896143e+14	3.783865e+00	4.912985e-02
5.900665e+14	3.784288e+00	4.913944e-02
5.903677e+14	3.784570e+00	4.914582e-02
5.911212e+14	3.785274e+00	4.916180e-02
5.914273e+14	3.785560e+00	4.916828e-02
5.918767e+14	3.785981e+00	4.917781e-02
5.926303e+14	3.786685e+00	4.919379e-02
5.927906e+14	3.786835e+00	4.919718e-02
5.933840e+14	3.787390e+00	4.920976e-02
5.941378e+14	3.788095e+00	4.922574e-02
5.941565e+14	3.788112e+00	4.922614e-02
5.948916e+14	3.788800e+00	4.924172e-02
5.955268e+14	3.789394e+00	4.925519e-02
5.956454e+14	3.789505e+00	4.925770e-02
5.963992e+14	3.790209e+00	4.927368e-02
5.968997e+14	3.790677e+00	4.928429e-02
5.971531e+14	3.790914e+00	4.928966e-02
5.979070e+14	3.791619e+00	4.930565e-02
5.982751e+14	3.791964e+00	4.931345e-02
5.986628e+14	3.792326e+00	4.932167e-02
5.994167e+14	3.793031e+00	4.933765e-02
5.996550e+14	3.793254e+00	4.934270e-02
6.001705e+14	3.793736e+00	4.935363e-02
6.009244e+14	3.794441e+00	4.936961e-02
6.010374e+14	3.794547e+00	4.937201e-02
6.016782e+14	3.795146e+00	4.938559e-02
6.024224e+14	3.795842e+00	4.940137e-02
6.024320e+14	3.795851e+00	4.940157e-02
6.031858e+14	3.796555e+00	4.941755e-02
6.038118e+14	3.797141e+00	4.943082e-02
6.039395e+14	3.797260e+00	4.943353e-02
6.046932e+14	3.797965e+00	4.944950e-02
6.052038e+14	3.798442e+00	4.946033e-02
6.054468e+14	3.798670e+00	4.946548e-02
6.062023e+14	3.799376e+00	4.948149e-02
6.065983e+14	3.799746e+00	4.948989e-02
6.069557e+14	3.800081e+00	4.949747e-02
6.077091e+14	3.800785e+00	4.951344e-02
6.079972e+14	3.801055e+00	4.951955e-02
6.084643e+14	3.801491e+00	4.952945e-02
6.092175e+14	3.802196e+00	4.954541e-02
6.093987e+14	3.802365e+00	4.954926e-02
6.099726e+14	3.802902e+00	4.956142e-02
6.107256e+14	3.803606e+00	4.957738e-02
6.108027e+14	3.803678e+00	4.957902e-02
6.114804e+14	3.804312e+00	4.959338e-02
6.122113e+14	3.804995e+00	4.960888e-02
6.122331e+14	3.805015e+00	4.960934e-02
6.129877e+14	3.805721e+00	4.962534e-02
6.136223e+14	3.806314e+00	4.963879e-02
6.137422e+14	3.806426e+00	4.964133e-02
6.144965e+14	3.807132e+00	4.965732e-02
6.150378e+14	3.807638e+00	4.966880e-02
6.152486e+14	3.807835e+00	4.967327e-02
6.160026e+14	3.808540e+00	4.968925e-02
6.164538e+14	3.808962e+00	4.969882e-02
6.167584e+14	3.809247e+00	4.970527e-02
6.175121e+14	3.809952e+00	4.972125e-02
6.178764e+14	3.810292e+00	4.972897e-02
6.182655e+14	3.810656e+00	4.973722e-02
6.190188e+14	3.811361e+00	4.975319e-02
6.192995e+14	3.811623e+00	4.975914e-02
6.197739e+14	3.812067e+00	4.976920e-02
6.205268e+14	3.812771e+00	4.978516e-02
6.207270e+14	3.812958e+00	4.978940e-02
6.212815e+14	3.813476e+00	4.980116e-02
6.220360e+14	3.814182e+00	4.981715e-02
6.221592e+14	3.814297e+00	4.981976e-02
6.227902e+14	3.814887e+00	4.983314e-02
6.235443e+14	3.815592e+00	4.984912e-02
6.235938e+14	3.815638e+00	4.985017e-02
6.242981e+14	3.816297e+00	4.986510e-02
6.250309e+14	3.816982e+00	4.988064e-02
6.250516e+14	3.817002e+00	4.988108e-02
6.258049e+14	3.817706e+00	4.989705e-02
6.264704e+14	3.818328e+00	4.991115e-02
6.265600e+14	3.818412e+00	4.991305e-02
6.273127e+14	3.819116e+00	4.992901e-02
6.279146e+14	3.819679e+00	4.994177e-02
6.280673e+14	3.819822e+00	4.994501e-02
6.288216e+14	3.820527e+00	4.996100e-02
6.293633e+14	3.821033e+00	4.997248e-02
6.295756e+14	3.821232e+00	4.997698e-02
6.303293e+14	3.821937e+00	4.999296e-02
6.308145e+14	3.822390e+00	5.000324e-02
6.310827e+14	3.822641e+00	5.000893e-02
6.318379e+14	3.823347e+00	5.002494e-02
6.322681e+14	3.823750e+00	5.003406e-02
6.325906e+14	3.824051e+00	5.004089e-02
6.333452e+14	3.824757e+00	5.005689e-02
6.337263e+14	3.825113e+00	5.006497e-02
6.340126e+14	3.825381e+00	5.007104e-02
6.340994e+14	3.825414e+00	5.007126e-02
6.348533e+14	3.825702e+00	5.007313e-02
6.351870e+14	3.825830e+00	5.007396e-02
6.356068e+14	3.825991e+00	5.007500e-02
6.363600e+14	3.826279e+00	5.007687e-02
6.366502e+14	3.826390e+00	5.007760e-02
6.371150e+14	3.826567e+00	5.007875e-02
6.378696e+14	3.826856e+00	5.008063e-02
6.381179e+14	3.826951e+00	5.008124e-02
6.386238e+14	3.827144e+00	5.008250e-02
6.393776e+14	3.827433e+00	5.008437e-02
6.395902e+14	3.827514e+00	5.008490e-02
6.401311e+14	3.827721e+00	5.008625e-02
6.408841e+14	3.828009e+00	5.008812e-02
6.410629e+14	3.828077e+00	5.008856e-02
6.416390e+14	3.828297e+00	5.009000e-02
6.423934e+14	3.828586e+00	5.009187e-02
6.425423e+14	3.828643e+00	5.009224e-02
6.431474e+14	3.828874e+00	5.009374e-02
6.439009e+14	3.829162e+00	5.009562e-02
6.440219e+14	3.829209e+00	5.009592e-02
6.446541e+14	3.829450e+00	5.009749e-02
6.454090e+14	3.829739e+00	5.009937e-02
6.455084e+14	3.829777e+00	5.009961e-02
6.461634e+14	3.830027e+00	5.010124e-02
6.469174e+14	3.830316e+00	5.010311e-02
6.469951e+14	3.830346e+00	5.010331e-02
6.476709e+14	3.830604e+00	5.010499e-02
6.484240e+14	3.830892e+00	5.010686e-02
6.484865e+14	3.830916e+00	5.010701e-02
6.491788e+14	3.831181e+00	5.010874e-02
6.499331e+14	3.831469e+00	5.011061e-02
6.499824e+14	3.831488e+00	5.011073e-02
6.506870e+14	3.831757e+00	5.011248e-02
6.514403e+14	3.832045e+00	5.011436e-02
6.514808e+14	3.832061e+00	5.011446e-02
6.521954e+14	3.832334e+00	5.011623e-02
6.529477e+14	3.832622e+00	5.011810e-02
6.529816e+14	3.832635e+00	5.011819e-02
6.537018e+14	3.832910e+00	5.011998e-02
6.544576e+14	3.833199e+00	5.012186e-02
6.544871e+14	3.833211e+00	5.012193e-02
6.552106e+14	3.833487e+00	5.012373e-02
6.559653e+14	3.833776e+00	5.012560e-02
6.559972e+14	3.833788e+00	5.012568e-02
6.567195e+14	3.834064e+00	5.012748e-02
6.574731e+14	3.834352e+00	5.012935e-02
6.575075e+14	3.834366e+00	5.012944e-02
6.582261e+14	3.834640e+00	5.013122e-02
6.589809e+14	3.834929e+00	5.013310e-02
6.590247e+14	3.834946e+00	5.013321e-02
6.597351e+14	3.835217e+00	5.013497e-02
6.604887e+14	3.835506e+00	5.013685e-02
6.605443e+14	3.835527e+00	5.013698e-02
6.612418e+14	3.835794e+00	5.013872e-02
6.619965e+14	3.836082e+00	5.014059e-02
6.620663e+14	3.836109e+00	5.014077e-02
6.627506e+14	3.836371e+00	5.014247e-02
6.635042e+14	3.836659e+00	5.014434e-02
6.635929e+14	3.836693e+00	5.014456e-02
6.642594e+14	3.836948e+00	5.014622e-02
6.650117e+14	3.837235e+00	5.014809e-02
6.651219e+14	3.837277e+00	5.014836e-02
6.657656e+14	3.837523e+00	5.014996e-02
6.665213e+14	3.837812e+00	5.015184e-02
6.666557e+14	3.837864e+00	5.015217e-02
6.672740e+14	3.838100e+00	5.015371e-02
6.680284e+14	3.838389e+00	5.015559e-02
6.681918e+14	3.838451e+00	5.015599e-02
6.687821e+14	3.838677e+00	5.015746e-02
6.695351e+14	3.838965e+00	5.015933e-02
6.697326e+14	3.839040e+00	5.015982e-02
6.702898e+14	3.839254e+00	5.016121e-02
6.710439e+14	3.839542e+00	5.016308e-02
6.712757e+14	3.839631e+00	5.016366e-02
6.717972e+14	3.839830e+00	5.016495e-02
6.725523e+14	3.840119e+00	5.016683e-02
6.728236e+14	3.840222e+00	5.016750e-02
6.733066e+14	3.840407e+00	5.016870e-02
6.740603e+14	3.840695e+00	5.017058e-02
6.743738e+14	3.840815e+00	5.017136e-02
6.748132e+14	3.840983e+00	5.017245e-02
6.755677e+14	3.841272e+00	5.017432e-02
6.759287e+14	3.841410e+00	5.017522e-02
6.763216e+14	3.841560e+00	5.017620e-02
6.770771e+14	3.841849e+00	5.017808e-02
6.774884e+14	3.842006e+00	5.017910e-02
6.778295e+14	3.842137e+00	5.017995e-02
6.785835e+14	3.842425e+00	5.018182e-02
6.790504e+14	3.842604e+00	5.018298e-02
6.793392e+14	3.842714e+00	5.018370e-02
6.800916e+14	3.843002e+00	5.018557e-02
6.806147e+14	3.843202e+00	5.018687e-02
6.808458e+14	3.843290e+00	5.018744e-02
6.815991e+14	3.843578e+00	5.018932e-02
6.821838e+14	3.843802e+00	5.019077e-02
6.823542e+14	3.843867e+00	5.019119e-02
6.831084e+14	3.844155e+00	5.019307e-02
6.837551e+14	3.844403e+00	5.019467e-02
6.838618e+14	3.844444e+00	5.019494e-02
6.846169e+14	3.844732e+00	5.019682e-02
6.853312e+14	3.845006e+00	5.019859e-02
6.853686e+14	3.845020e+00	5.019868e-02
6.861245e+14	3.845309e+00	5.020056e-02
6.868771e+14	3.845597e+00	5.020243e-02
6.869121e+14	3.845610e+00	5.020252e-02
6.876313e+14	3.845885e+00	5.020431e-02
6.883847e+14	3.846173e+00	5.020618e-02
6.884953e+14	3.846215e+00	5.020646e-02
6.891397e+14	3.846462e+00	5.020806e-02
6.898939e+14	3.846750e+00	5.020993e-02
6.900833e+14	3.846823e+00	5.021040e-02
6.906471e+14	3.847038e+00	5.021180e-02
6.914021e+14	3.847327e+00	5.021368e-02
6.916735e+14	3.847431e+00	5.021436e-02
6.921561e+14	3.847615e+00	5.021555e-02
6.929092e+14	3.847903e+00	5.021743e-02
6.932686e+14	3.848041e+00	5.021832e-02
6.936640e+14	3.848192e+00	5.021930e-02
6.944179e+14	3.848480e+00	5.022118e-02
6.948658e+14	3.848652e+00	5.022229e-02
6.951708e+14	3.848768e+00	5.022305e-02
6.959254e+14	3.849057e+00	5.022492e-02
6.964679e+14	3.849264e+00	5.022627e-02
6.966790e+14	3.849345e+00	5.022680e-02
6.974343e+14	3.849634e+00	5.022867e-02
6.980748e+14	3.849879e+00	5.023027e-02
6.981886e+14	3.849922e+00	5.023055e-02
6.989420e+14	3.850210e+00	5.023242e-02
6.996840e+14	3.850494e+00	5.023427e-02
6.996944e+14	3.850498e+00	5.023429e-02
7.004484e+14	3.850786e+00	5.023617e-02
7.012040e+14	3.851075e+00	5.023804e-02
7.012953e+14	3.851110e+00	5.023827e-02
7.019587e+14	3.851364e+00	5.023992e-02
7.027123e+14	3.851652e+00	5.024179e-02
7.029115e+14	3.851728e+00	5.024229e-02
7.034650e+14	3.851940e+00	5.024366e-02
7.042193e+14	3.852228e+00	5.024554e-02
7.045325e+14	3.852348e+00	5.024632e-02
7.049725e+14	3.852516e+00	5.024741e-02
7.057274e+14	3.852805e+00	5.024929e-02
7.061557e+14	3.852969e+00	5.025035e-02
7.064813e+14	3.853093e+00	5.025116e-02
7.072341e+14	3.853381e+00	5.025303e-02
7.077838e+14	3.853591e+00	5.025440e-02
7.079885e+14	3.853670e+00	5.025491e-02
7.087445e+14	3.853959e+00	5.025679e-02
7.094167e+14	3.854216e+00	5.025846e-02
7.094968e+14	3.854247e+00	5.025865e-02
7.102507e+14	3.854535e+00	5.026053e-02
7.110062e+14	3.854824e+00	5.026241e-02
7.110518e+14	3.854841e+00	5.026252e-02
7.117579e+14	3.855111e+00	5.026427e-02
7.125139e+14	3.855400e+00	5.026615e-02
7.126917e+14	3.855468e+00	5.026660e-02
7.132662e+14	3.855688e+00	5.026802e-02
7.140200e+14	3.855976e+00	5.026990e-02
7.143339e+14	3.856096e+00	5.027068e-02
7.147754e+14	3.856265e+00	5.027177e-02
7.155297e+14	3.856554e+00	5.027365e-02
7.159808e+14	3.856726e+00	5.027477e-02
7.162828e+14	3.856842e+00	5.027552e-02
7.170376e+14	3.857130e+00	5.027740e-02
7.176300e+14	3.857357e+00	5.027887e-02
7.177912e+14	3.857418e+00	5.027927e-02
7.185464e+14	3.857707e+00	5.028115e-02
7.192867e+14	3.857990e+00	5.028299e-02
7.192977e+14	3.857994e+00	5.028301e-02
7.200533e+14	3.858283e+00	5.028489e-02
7.208078e+14	3.858572e+00	5.028677e-02
7.209429e+14	3.858624e+00	5.028710e-02
7.215611e+14	3.858860e+00	5.028864e-02
7.223159e+14	3.859149e+00	5.029052e-02
7.226067e+14	3.859260e+00	5.029124e-02
7.230696e+14	3.859437e+00	5.029239e-02
7.238220e+14	3.859725e+00	5.029426e-02
7.242726e+14	3.859897e+00	5.029538e-02
7.245760e+14	3.860013e+00	5.029613e-02
7.253316e+14	3.860302e+00	5.029801e-02
7.259406e+14	3.860535e+00	5.029953e-02
7.260860e+14	3.860590e+00	5.029989e-02
7.268392e+14	3.860878e+00	5.030176e-02
7.275939e+14	3.861167e+00	5.030364e-02
7.276135e+14	3.861175e+00	5.030368e-02
7.283473e+14	3.861455e+00	5.030551e-02
7.290995e+14	3.861743e+00	5.030738e-02
7.292913e+14	3.861816e+00	5.030785e-02
7.298561e+14	3.862032e+00	5.030926e-02
7.306086e+14	3.862320e+00	5.031113e-02
7.309741e+14	3.862460e+00	5.031204e-02
7.313627e+14	3.862608e+00	5.031300e-02
7.321154e+14	3.862896e+00	5.031487e-02
7.326589e+14	3.863104e+00	5.031622e-02
7.328697e+14	3.863185e+00	5.031675e-02
7.336256e+14	3.863474e+00	5.031863e-02
7.343458e+14	3.863749e+00	5.032042e-02
7.343773e+14	3.863761e+00	5.032050e-02
7.351334e+14	3.864050e+00	5.032237e-02
7.358853e+14	3.864338e+00	5.032424e-02
7.360405e+14	3.864397e+00	5.032463e-02
7.366417e+14	3.864627e+00	5.032612e-02
7.373938e+14	3.864915e+00	5.032799e-02
7.377373e+14	3.865046e+00	5.032885e-02
7.381475e+14	3.865203e+00	5.032987e-02
7.389027e+14	3.865492e+00	5.033174e-02
7.394361e+14	3.865696e+00	5.033307e-02
7.396566e+14	3.865780e+00	5.033362e-02
7.404120e+14	3.866069e+00	5.033549e-02
7.411427e+14	3.866348e+00	5.033731e-02
7.411660e+14	3.866357e+00	5.033737e-02
7.419186e+14	3.866645e+00	5.033924e-02
7.426728e+14	3.866933e+00	5.034111e-02
7.428514e+14	3.867002e+00	5.034156e-02
7.434256e+14	3.867221e+00	5.034298e-02
7.441799e+14	3.867510e+00	5.034486e-02
7.445620e+14	3.867656e+00	5.034581e-02
7.449357e+14	3.867799e+00	5.034674e-02
7.456872e+14	3.868086e+00	5.034861e-02
7.462777e+14	3.868312e+00	5.035007e-02
7.464432e+14	3.868375e+00	5.035048e-02
7.471977e+14	3.868664e+00	5.035236e-02
7.479508e+14	3.868952e+00	5.035423e-02
7.479983e+14	3.868970e+00	5.035435e-02
7.487054e+14	3.869240e+00	5.035611e-02
7.494585e+14	3.869528e+00	5.035798e-02
7.497238e+14	3.869630e+00	5.035864e-02
7.502132e+14	3.869817e+00	5.035986e-02
7.509664e+14	3.870105e+00	5.036173e-02
7.514513e+14	3.870290e+00	5.036293e-02
7.517211e+14	3.870393e+00	5.036360e-02
7.524743e+14	3.870681e+00	5.036547e-02
7.531839e+14	3.870953e+00	5.036724e-02
7.532290e+14	3.870970e+00	5.036735e-02
7.539822e+14	3.871258e+00	5.036922e-02
7.547370e+14	3.871547e+00	5.037110e-02
7.549214e+14	3.871617e+00	5.037156e-02
7.554902e+14	3.871835e+00	5.037297e-02
7.562449e+14	3.872123e+00	5.037485e-02
7.566608e+14	3.872282e+00	5.037588e-02
7.569981e+14	3.872411e+00	5.037672e-02
7.577528e+14	3.872700e+00	5.037859e-02
7.584053e+14	3.872949e+00	5.038022e-02
7.585060e+14	3.872988e+00	5.038047e-02
7.592606e+14	3.873277e+00	5.038234e-02
7.600137e+14	3.873565e+00	5.038421e-02
7.601547e+14	3.873618e+00	5.038456e-02
7.607683e+14	3.873853e+00	5.038609e-02
7.615213e+14	3.874141e+00	5.038796e-02
7.619061e+14	3.874288e+00	5.038892e-02
7.622758e+14	3.874430e+00	5.038984e-02
7.630287e+14	3.874717e+00	5.039171e-02
7.636624e+14	3.874960e+00	5.039328e-02
7.637831e+14	3.875006e+00	5.039358e-02
7.645390e+14	3.875295e+00	5.039546e-02
7.652933e+14	3.875583e+00	5.039734e-02
7.654238e+14	3.875633e+00	5.039766e-02
7.660459e+14	3.875871e+00	5.039921e-02
7.668001e+14	3.876160e+00	5.040108e-02
7.671871e+14	3.876308e+00	5.040204e-02
7.675526e+14	3.876447e+00	5.040295e-02
7.683065e+14	3.876736e+00	5.040483e-02
7.689553e+14	3.876984e+00	5.040644e-02
7.690620e+14	3.877025e+00	5.040670e-02
7.698158e+14	3.877313e+00	5.040858e-02
7.705711e+14	3.877602e+00	5.041045e-02
7.707286e+14	3.877662e+00	5.041085e-02
7.713247e+14	3.877890e+00	5.041233e-02
7.720766e+14	3.878177e+00	5.041420e-02
7.725038e+14	3.878341e+00	5.041526e-02
7.728332e+14	3.878467e+00	5.041608e-02
7.735849e+14	3.878754e+00	5.041795e-02
7.742871e+14	3.879023e+00	5.041969e-02
7.743412e+14	3.879043e+00	5.041982e-02
7.750927e+14	3.879331e+00	5.042169e-02
7.758488e+14	3.879620e+00	5.042357e-02
7.760692e+14	3.879704e+00	5.042412e-02
7.766031e+14	3.879908e+00	5.042545e-02
7.773558e+14	3.880196e+00	5.042732e-02
7.778594e+14	3.880389e+00	5.042857e-02
7.781099e+14	3.880485e+00	5.042919e-02
7.788622e+14	3.880772e+00	5.043106e-02
7.796192e+14	3.881062e+00	5.043294e-02
7.796515e+14	3.881074e+00	5.043302e-02
7.803713e+14	3.881349e+00	5.043481e-02
7.811248e+14	3.881638e+00	5.043669e-02
7.814486e+14	3.881761e+00	5.043749e-02
7.818797e+14	3.881926e+00	5.043856e-02
7.826329e+14	3.882214e+00	5.044043e-02
7.832508e+14	3.882451e+00	5.044197e-02
7.833875e+14	3.882503e+00	5.044231e-02
7.841403e+14	3.882791e+00	5.044418e-02
7.848945e+14	3.883079e+00	5.044606e-02
7.850580e+14	3.883142e+00	5.044646e-02
7.856502e+14	3.883368e+00	5.044793e-02
7.864041e+14	3.883656e+00	5.044981e-02
7.868670e+14	3.883833e+00	5.045096e-02
7.871561e+14	3.883944e+00	5.045168e-02
7.879129e+14	3.884233e+00	5.045356e-02
7.886645e+14	3.884521e+00	5.045543e-02
7.886810e+14	3.884527e+00	5.045547e-02
7.894209e+14	3.884810e+00	5.045731e-02
7.901721e+14	3.885097e+00	5.045917e-02
7.905002e+14	3.885223e+00	5.045999e-02
7.909281e+14	3.885386e+00	5.046105e-02
7.916821e+14	3.885675e+00	5.046293e-02
7.923211e+14	3.885919e+00	5.046451e-02
7.924343e+14	3.885962e+00	5.046480e-02
7.931879e+14	3.886251e+00	5.046667e-02
7.939430e+14	3.886539e+00	5.046854e-02
7.941470e+14	3.886617e+00	5.046905e-02
7.946961e+14	3.886827e+00	5.047042e-02
7.954507e+14	3.887116e+00	5.047229e-02
7.959780e+14	3.887317e+00	5.047360e-02
7.962067e+14	3.887405e+00	5.047417e-02
7.969607e+14	3.887693e+00	5.047605e-02
7.977129e+14	3.887981e+00	5.047791e-02
7.978141e+14	3.888020e+00	5.047817e-02
7.984664e+14	3.888269e+00	5.047979e-02
7.992214e+14	3.888558e+00	5.048166e-02
7.996520e+14	3.888722e+00	5.048273e-02
7.999744e+14	3.888846e+00	5.048354e-02
8.007288e+14	3.889134e+00	5.048541e-02
8.014846e+14	3.889423e+00	5.048729e-02
8.014949e+14	3.889427e+00	5.048732e-02
8.022385e+14	3.889712e+00	5.048916e-02
8.029903e+14	3.889999e+00	5.049103e-02
8.033428e+14	3.890134e+00	5.049191e-02
8.037436e+14	3.890287e+00	5.049290e-02
8.044983e+14	3.890576e+00	5.049478e-02
8.051959e+14	3.890842e+00	5.049651e-02
8.052544e+14	3.890865e+00	5.049666e-02
8.060085e+14	3.891153e+00	5.049853e-02
8.067605e+14	3.891441e+00	5.050040e-02
8.070507e+14	3.891552e+00	5.050112e-02
8.075140e+14	3.891729e+00	5.050228e-02
8.082688e+14	3.892018e+00	5.050415e-02
8.089105e+14	3.892263e+00	5.050575e-02
8.090216e+14	3.892305e+00	5.050602e-02
8.097758e+14	3.892594e+00	5.050790e-02
8.105314e+14	3.892883e+00	5.050978e-02
8.107754e+14	3.892976e+00	5.051038e-02
8.112849e+14	3.893171e+00	5.051165e-02
8.120398e+14	3.893460e+00	5.051352e-02
8.126455e+14	3.893691e+00	5.051503e-02
8.127927e+14	3.893748e+00	5.051540e-02
8.135469e+14	3.894036e+00	5.051727e-02
8.143025e+14	3.894325e+00	5.051915e-02
8.145207e+14	3.894408e+00	5.051969e-02
8.150560e+14	3.894613e+00	5.052102e-02
8.158074e+14	3.894900e+00	5.052289e-02
8.163975e+14	3.895126e+00	5.052436e-02
8.165637e+14	3.895190e+00	5.052477e-02
8.173178e+14	3.895478e+00	5.052664e-02
8.180698e+14	3.895766e+00	5.052851e-02
8.182794e+14	3.895846e+00	5.052903e-02
8.188232e+14	3.896054e+00	5.053038e-02
8.195780e+14	3.896342e+00	5.053226e-02
8.201664e+14	3.896567e+00	5.053372e-02
8.203341e+14	3.896631e+00	5.053414e-02
8.210881e+14	3.896920e+00	5.053601e-02
8.218399e+14	3.897207e+00	5.053788e-02
8.220550e+14	3.897289e+00	5.053842e-02
8.225931e+14	3.897495e+00	5.053975e-02
8.233476e+14	3.897784e+00	5.054163e-02
8.239523e+14	3.898015e+00	5.054313e-02
8.241036e+14	3.898073e+00	5.054351e-02
8.248573e+14	3.898361e+00	5.054538e-02
8.256087e+14	3.898648e+00	5.054725e-02
8.258511e+14	3.898741e+00	5.054785e-02
8.263652e+14	3.898938e+00	5.054913e-02
8.271194e+14	3.899226e+00	5.055100e-02
8.277551e+14	3.899469e+00	5.055258e-02
8.278714e+14	3.899514e+00	5.055287e-02
8.286248e+14	3.899802e+00	5.055475e-02
8.293795e+14	3.900090e+00	5.055662e-02
8.296606e+14	3.900198e+00	5.055732e-02
8.301356e+14	3.900380e+00	5.055850e-02
8.308894e+14	3.900668e+00	5.056037e-02
8.315748e+14	3.900930e+00	5.056208e-02
8.316409e+14	3.900955e+00	5.056224e-02
8.323974e+14	3.901244e+00	5.056412e-02
8.331516e+14	3.901533e+00	5.056600e-02
8.334906e+14	3.901663e+00	5.056684e-02
8.339036e+14	3.901820e+00	5.056787e-02
8.346568e+14	3.902108e+00	5.056974e-02
8.354115e+14	3.902397e+00	5.057161e-02
8.361675e+14	3.902686e+00	5.057349e-02
8.369211e+14	3.902974e+00	5.057537e-02
8.373375e+14	3.903134e+00	5.057640e-02
8.376724e+14	3.903262e+00	5.057723e-02
8.384288e+14	3.903551e+00	5.057911e-02
8.391828e+14	3.903839e+00	5.058099e-02
8.392687e+14	3.903872e+00	5.058120e-02
8.399344e+14	3.904127e+00	5.058286e-02
8.406911e+14	3.904416e+00	5.058474e-02
8.412051e+14	3.904613e+00	5.058601e-02
8.414454e+14	3.904705e+00	5.058661e-02
8.421974e+14	3.904992e+00	5.058848e-02
8.429506e+14	3.905280e+00	5.059035e-02
8.431429e+14	3.905354e+00	5.059083e-02
8.437052e+14	3.905569e+00	5.059223e-02
8.444612e+14	3.905858e+00	5.059411e-02
8.450859e+14	3.906097e+00	5.059566e-02
8.452147e+14	3.906146e+00	5.059598e-02
8.459696e+14	3.906435e+00	5.059786e-02
8.467220e+14	3.906722e+00	5.059973e-02
8.470340e+14	3.906842e+00	5.060050e-02
8.474758e+14	3.907011e+00	5.060160e-02
8.482309e+14	3.907299e+00	5.060348e-02
8.489835e+14	3.907587e+00	5.060535e-02
8.489873e+14	3.907589e+00	5.060536e-02
8.497375e+14	3.907875e+00	5.060722e-02
8.504928e+14	3.908164e+00	5.060910e-02
8.509458e+14	3.908338e+00	5.061022e-02
8.512456e+14	3.908452e+00	5.061097e-02
8.519997e+14	3.908741e+00	5.061284e-02
8.527552e+14	3.909029e+00	5.061472e-02
8.529056e+14	3.909087e+00	5.061510e-02
8.535081e+14	3.909317e+00	5.061659e-02
8.542624e+14	3.909606e+00	5.061847e-02
8.548707e+14	3.909838e+00	5.061998e-02
8.550141e+14	3.909893e+00	5.062034e-02
8.557711e+14	3.910183e+00	5.062222e-02
8.565255e+14	3.910471e+00	5.062409e-02
8.568447e+14	3.910593e+00	5.062489e-02
8.572773e+14	3.910759e+00	5.062596e-02
8.580304e+14	3.911047e+00	5.062783e-02
8.587849e+14	3.911335e+00	5.062971e-02
8.588201e+14	3.911349e+00	5.062980e-02
8.595407e+14	3.911624e+00	5.063159e-02
8.602939e+14	3.911912e+00	5.063346e-02
8.607968e+14	3.912105e+00	5.063471e-02
8.610484e+14	3.912201e+00	5.063533e-02
8.618004e+14	3.912488e+00	5.063720e-02
8.625575e+14	3.912778e+00	5.063909e-02
8.627826e+14	3.912864e+00	5.063964e-02
8.633081e+14	3.913065e+00	5.064095e-02
8.640640e+14	3.913354e+00	5.064283e-02
8.647696e+14	3.913624e+00	5.064458e-02
8.648172e+14	3.913642e+00	5.064470e-02
8.655717e+14	3.913931e+00	5.064658e-02
8.663236e+14	3.914218e+00	5.064845e-02
8.667658e+14	3.914387e+00	5.064955e-02
8.670808e+14	3.914508e+00	5.065033e-02
8.678353e+14	3.914796e+00	5.065220e-02
8.685871e+14	3.915084e+00	5.065407e-02
8.687632e+14	3.915151e+00	5.065451e-02
8.693402e+14	3.915372e+00	5.065594e-02
8.700946e+14	3.915660e+00	5.065782e-02
8.707659e+14	3.915917e+00	5.065949e-02
8.708504e+14	3.915949e+00	5.065970e-02
8.716034e+14	3.916237e+00	5.066157e-02
8.723577e+14	3.916526e+00	5.066344e-02
8.727737e+14	3.916685e+00	5.066448e-02
8.731133e+14	3.916814e+00	5.066532e-02
8.738662e+14	3.917102e+00	5.066719e-02
8.746204e+14	3.917391e+00	5.066907e-02
8.747868e+14	3.917454e+00	5.066948e-02
8.753718e+14	3.917678e+00	5.067094e-02
8.761286e+14	3.917968e+00	5.067282e-02
8.768010e+14	3.918225e+00	5.067449e-02
8.768826e+14	3.918256e+00	5.067469e-02
8.776338e+14	3.918543e+00	5.067656e-02
8.783904e+14	3.918832e+00	5.067844e-02
8.788245e+14	3.918998e+00	5.067952e-02
8.791442e+14	3.919121e+00	5.068031e-02
8.798952e+14	3.919408e+00	5.068218e-02
8.806516e+14	3.919697e+00	5.068406e-02
8.808492e+14	3.919773e+00	5.068455e-02
8.814052e+14	3.919985e+00	5.068593e-02
8.821601e+14	3.920274e+00	5.068781e-02
8.828790e+14	3.920549e+00	5.068959e-02
8.829121e+14	3.920562e+00	5.068968e-02
8.836654e+14	3.920850e+00	5.069155e-02
8.844200e+14	3.921138e+00	5.069342e-02
8.849141e+14	3.921327e+00	5.069465e-02
8.851759e+14	3.921427e+00	5.069530e-02
8.859290e+14	3.921715e+00	5.069717e-02
8.866833e+14	3.922004e+00	5.069905e-02
8.869544e+14	3.922107e+00	5.069972e-02
8.874388e+14	3.922293e+00	5.070093e-02
8.881915e+14	3.922580e+00	5.070280e-02
8.889455e+14	3.922869e+00	5.070467e-02
8.890000e+14	3.922890e+00	5.070481e-02
8.897007e+14	3.923158e+00	5.070655e-02
8.904531e+14	3.923445e+00	5.070842e-02
8.910466e+14	3.923672e+00	5.070989e-02
8.912067e+14	3.923733e+00	5.071029e-02
8.919616e+14	3.924022e+00	5.071217e-02
8.927135e+14	3.924310e+00	5.071404e-02
8.931026e+14	3.924459e+00	5.071501e-02
8.934709e+14	3.924599e+00	5.071592e-02
8.942212e+14	3.924886e+00	5.071779e-02
8.949769e+14	3.925175e+00	5.071966e-02
8.951597e+14	3.925245e+00	5.072012e-02
8.957297e+14	3.925463e+00	5.072153e-02
8.964837e+14	3.925751e+00	5.072341e-02
8.972262e+14	3.926035e+00	5.072525e-02
8.972390e+14	3.926040e+00	5.072529e-02
8.979913e+14	3.926328e+00	5.072716e-02
8.987449e+14	3.926616e+00	5.072903e-02
8.992937e+14	3.926826e+00	5.073039e-02
8.994997e+14	3.926905e+00	5.073090e-02
9.002558e+14	3.927194e+00	5.073278e-02
9.010089e+14	3.927482e+00	5.073466e-02
9.013665e+14	3.927619e+00	5.073554e-02
9.017632e+14	3.927770e+00	5.073653e-02
9.025188e+14	3.928059e+00	5.073841e-02
9.032713e+14	3.928347e+00	5.074028e-02
9.034445e+14	3.928413e+00	5.074071e-02
9.040251e+14	3.928635e+00	5.074215e-02
9.047801e+14	3.928924e+00	5.074403e-02
9.055277e+14	3.929210e+00	5.074589e-02
9.055321e+14	3.929212e+00	5.074590e-02
9.062853e+14	3.929500e+00	5.074777e-02
9.070398e+14	3.929788e+00	5.074965e-02
9.076163e+14	3.930009e+00	5.075108e-02
9.077955e+14	3.930077e+00	5.075152e-02
9.085481e+14	3.930365e+00	5.075339e-02
9.093019e+14	3.930653e+00	5.075527e-02
9.097057e+14	3.930808e+00	5.075627e-02
9.100570e+14	3.930942e+00	5.075714e-02
9.108090e+14	3.931230e+00	5.075901e-02
9.110769e+14	3.931332e+00	5.075968e-02
9.115666e+14	3.931375e+00	5.075905e-02
9.118047e+14	3.931396e+00	5.075874e-02
9.123166e+14	3.931442e+00	5.075807e-02
9.130723e+14	3.931508e+00	5.075709e-02
9.138248e+14	3.931575e+00	5.075612e-02
9.139046e+14	3.931582e+00	5.075601e-02
9.145786e+14	3.931642e+00	5.075514e-02
9.153336e+14	3.931708e+00	5.075416e-02
9.160141e+14	3.931769e+00	5.075328e-02
9.160898e+14	3.931775e+00	5.075318e-02
9.168429e+14	3.931842e+00	5.075220e-02
9.175971e+14	3.931909e+00	5.075123e-02
9.181245e+14	3.931955e+00	5.075054e-02
9.183482e+14	3.931975e+00	5.075025e-02
9.191050e+14	3.932042e+00	5.074927e-02
9.198585e+14	3.932109e+00	5.074829e-02
9.202402e+14	3.932142e+00	5.074780e-02
9.206132e+14	3.932175e+00	5.074731e-02
9.213647e+14	3.932242e+00	5.074634e-02
9.221220e+14	3.932309e+00	5.074536e-02
9.223611e+14	3.932330e+00	5.074505e-02
9.228759e+14	3.932376e+00	5.074438e-02
9.236266e+14	3.932442e+00	5.074341e-02
9.243830e+14	3.932509e+00	5.074243e-02
9.244873e+14	3.932518e+00	5.074229e-02
9.251361e+14	3.932575e+00	5.074145e-02
9.258905e+14	3.932642e+00	5.074047e-02
9.266187e+14	3.932707e+00	5.073953e-02
9.266460e+14	3.932709e+00	5.073949e-02
9.273983e+14	3.932776e+00	5.073852e-02
9.281518e+14	3.932842e+00	5.073754e-02
9.287554e+14	3.932896e+00	5.073676e-02
9.289065e+14	3.932909e+00	5.073656e-02
9.296578e+14	3.932975e+00	5.073559e-02
9.304150e+14	3.933042e+00	5.073460e-02
9.308974e+14	3.933085e+00	5.073398e-02
9.311688e+14	3.933109e+00	5.073363e-02
9.319238e+14	3.933176e+00	5.073265e-02
9.326754e+14	3.933242e+00	5.073167e-02
9.330401e+14	3.933275e+00	5.073120e-02
9.334282e+14	3.933309e+00	5.073070e-02
9.341823e+14	3.933376e+00	5.072972e-02
9.349375e+14	3.933442e+00	5.072874e-02
9.351926e+14	3.933465e+00	5.072841e-02
9.356940e+14	3.933509e+00	5.072776e-02
9.364471e+14	3.933576e+00	5.072678e-02
9.372014e+14	3.933643e+00	5.072580e-02
9.373505e+14	3.933656e+00	5.072561e-02
9.379522e+14	3.933709e+00	5.072483e-02
9.387089e+14	3.933776e+00	5.072385e-02
9.394621e+14	3.933843e+00	5.072287e-02
9.395089e+14	3.933847e+00	5.072281e-02
9.402166e+14	3.933909e+00	5.072190e-02
9.409675e+14	3.933976e+00	5.072092e-02
9.416774e+14	3.934038e+00	5.072000e-02
9.417244e+14	3.934043e+00	5.071994e-02
9.424778e+14	3.934109e+00	5.071896e-02
9.432324e+14	3.934176e+00	5.071798e-02
9.438464e+14	3.934230e+00	5.071719e-02
9.439834e+14	3.934242e+00	5.071701e-02
9.447404e+14	3.934309e+00	5.071603e-02
9.454939e+14	3.934376e+00	5.071505e-02
9.460206e+14	3.934423e+00	5.071437e-02
9.462486e+14	3.934443e+00	5.071407e-02
9.469997e+14	3.934509e+00	5.071310e-02
9.477568e+14	3.934576e+00	5.071212e-02
9.482050e+14	3.934616e+00	5.071154e-02
9.485103e+14	3.934643e+00	5.071114e-02
9.492650e+14	3.934710e+00	5.071016e-02
9.500162e+14	3.934776e+00	5.070919e-02
9.503898e+14	3.934809e+00	5.070870e-02
9.507733e+14	3.934843e+00	5.070821e-02
9.515268e+14	3.934910e+00	5.070723e-02
9.522815e+14	3.934976e+00	5.070625e-02
9.525799e+14	3.935003e+00	5.070586e-02
9.530326e+14	3.935043e+00	5.070528e-02
9.537897e+14	3.935110e+00	5.070430e-02
9.545432e+14	3.935176e+00	5.070332e-02
9.547753e+14	3.935197e+00	5.070302e-02
9.552979e+14	3.935243e+00	5.070234e-02
9.560489e+14	3.935310e+00	5.070137e-02
9.568011e+14	3.935376e+00	5.070039e-02
9.569760e+14	3.935392e+00	5.070016e-02
9.575594e+14	3.935443e+00	5.069941e-02
9.583091e+14	3.935509e+00	5.069844e-02
9.590648e+14	3.935576e+00	5.069746e-02
9.591819e+14	3.935587e+00	5.069730e-02
9.598218e+14	3.935643e+00	5.069647e-02
9.605750e+14	3.935710e+00	5.069550e-02
9.613295e+14	3.935777e+00	5.069452e-02
9.613932e+14	3.935782e+00	5.069444e-02
9.620802e+14	3.935843e+00	5.069355e-02
9.628370e+14	3.935910e+00	5.069256e-02
9.635901e+14	3.935977e+00	5.069159e-02
9.636098e+14	3.935978e+00	5.069156e-02
9.643443e+14	3.936043e+00	5.069061e-02
9.650948e+14	3.936110e+00	5.068964e-02
9.658316e+14	3.936175e+00	5.068868e-02
9.658514e+14	3.936177e+00	5.068866e-02
9.666042e+14	3.936243e+00	5.068768e-02
9.673583e+14	3.936310e+00	5.068670e-02
9.680587e+14	3.936372e+00	5.068579e-02
9.681134e+14	3.936377e+00	5.068572e-02
9.688648e+14	3.936443e+00	5.068475e-02
9.696224e+14	3.936510e+00	5.068377e-02
9.702912e+14	3.936569e+00	5.068290e-02
9.703761e+14	3.936577e+00	5.068279e-02
9.711310e+14	3.936643e+00	5.068181e-02
9.718821e+14	3.936710e+00	5.068084e-02
9.725239e+14	3.936767e+00	5.068000e-02
9.726393e+14	3.936777e+00	5.067985e-02
9.733927e+14	3.936844e+00	5.067888e-02
9.741473e+14	3.936910e+00	5.067790e-02
9.747670e+14	3.936965e+00	5.067709e-02
9.748980e+14	3.936977e+00	5.067692e-02
9.756549e+14	3.937044e+00	5.067594e-02
9.764080e+14	3.937110e+00	5.067497e-02
9.770153e+14	3.937164e+00	5.067418e-02
9.771622e+14	3.937177e+00	5.067399e-02
9.779125e+14	3.937243e+00	5.067302e-02
9.786690e+14	3.937310e+00	5.067203e-02
9.792689e+14	3.937363e+00	5.067126e-02
9.794216e+14	3.937377e+00	5.067106e-02
9.801753e+14	3.937443e+00	5.067008e-02
9.809303e+14	3.937510e+00	5.066910e-02
9.815228e+14	3.937563e+00	5.066833e-02
9.816863e+14	3.937577e+00	5.066812e-02
9.824385e+14	3.937644e+00	5.066715e-02
9.831918e+14	3.937710e+00	5.066617e-02
9.837870e+14	3.937763e+00	5.066540e-02
9.839462e+14	3.937777e+00	5.066519e-02
9.847018e+14	3.937844e+00	5.066421e-02
9.854534e+14	3.937910e+00	5.066324e-02
9.860566e+14	3.937964e+00	5.066246e-02
9.862113e+14	3.937977e+00	5.066225e-02
9.869653e+14	3.938044e+00	5.066128e-02
9.877151e+14	3.938110e+00	5.066030e-02
9.883263e+14	3.938164e+00	5.065951e-02
9.884714e+14	3.938177e+00	5.065932e-02
9.892236e+14	3.938244e+00	5.065835e-02
9.899769e+14	3.938310e+00	5.065737e-02
9.906064e+14	3.938366e+00	5.065656e-02
9.907314e+14	3.938377e+00	5.065639e-02
9.914870e+14	3.938444e+00	5.065541e-02
9.922386e+14	3.938510e+00	5.065444e-02
9.928919e+14	3.938568e+00	5.065359e-02
9.929965e+14	3.938577e+00	5.065346e-02
9.937503e+14	3.938644e+00	5.065248e-02
9.945001e+14	3.938710e+00	5.065151e-02
9.951774e+14	3.938770e+00	5.065063e-02
9.952562e+14	3.938777e+00	5.065053e-02
9.960083e+14	3.938844e+00	5.064955e-02
9.967667e+14	3.938911e+00	5.064857e-02
9.974735e+14	3.938973e+00	5.064765e-02
9.975210e+14	3.938978e+00	5.064759e-02
9.982712e+14	3.939044e+00	5.064662e-02
9.990278e+14	3.939111e+00	5.064564e-02
9.997749e+14	3.939177e+00	5.064467e-02
9.997802e+14	3.939177e+00	5.064466e-02
1.000534e+15	3.939244e+00	5.064368e-02
1.001288e+15	3.939311e+00	5.064270e-02
1.002044e+15	3.939378e+00	5.064172e-02
1.002076e+15	3.939380e+00	5.064168e-02
1.002796e+15	3.939444e+00	5.064075e-02
1.003549e+15	3.939511e+00	5.063977e-02
1.004303e+15	3.939577e+00	5.063880e-02
1.004388e+15	3.939585e+00	5.063868e-02
1.005058e+15	3.939644e+00	5.063782e-02
1.005814e+15	3.939711e+00	5.063684e-02
1.006566e+15	3.939778e+00	5.063586e-02
1.006700e+15	3.939789e+00	5.063569e-02
1.007319e+15	3.939844e+00	5.063488e-02
1.008073e+15	3.939911e+00	5.063391e-02
1.008828e+15	3.939978e+00	5.063293e-02
1.009023e+15	3.939995e+00	5.063268e-02
1.009585e+15	3.940045e+00	5.063195e-02
1.010337e+15	3.940111e+00	5.063097e-02
1.011090e+15	3.940178e+00	5.062999e-02
1.011351e+15	3.940201e+00	5.062966e-02
1.011845e+15	3.940244e+00	5.062902e-02
1.012600e+15	3.940311e+00	5.062804e-02
1.013352e+15	3.940378e+00	5.062706e-02
1.013679e+15	3.940407e+00	5.062664e-02
1.014104e+15	3.940444e+00	5.062609e-02
1.014857e+15	3.940511e+00	5.062511e-02
1.015612e+15	3.940578e+00	5.062413e-02
1.016017e+15	3.940613e+00	5.062361e-02
1.016368e+15	3.940644e+00	5.062315e-02
1.017125e+15	3.940711e+00	5.062217e-02
1.017877e+15	3.940778e+00	5.062119e-02
1.018361e+15	3.940821e+00	5.062057e-02
1.018631e+15	3.940845e+00	5.062022e-02
1.019385e+15	3.940911e+00	5.061924e-02
1.020136e+15	3.940978e+00	5.061827e-02
1.020710e+15	3.941028e+00	5.061752e-02
1.020893e+15	3.941045e+00	5.061728e-02
1.021645e+15	3.941111e+00	5.061631e-02
1.022399e+15	3.941178e+00	5.061533e-02
1.023059e+15	3.941236e+00	5.061447e-02
1.023153e+15	3.941245e+00	5.061435e-02
1.023909e+15	3.941311e+00	5.061337e-02
1.024661e+15	3.941378e+00	5.061240e-02
1.025413e+15	3.941444e+00	5.061142e-02
1.025419e+15	3.941445e+00	5.061142e-02
1.026172e+15	3.941512e+00	5.061044e-02
1.026922e+15	3.941578e+00	5.060947e-02
1.027677e+15	3.941645e+00	5.060849e-02
1.027784e+15	3.941654e+00	5.060835e-02
1.028434e+15	3.941712e+00	5.060750e-02
1.029187e+15	3.941778e+00	5.060653e-02
1.029940e+15	3.941845e+00	5.060555e-02
1.030154e+15	3.941864e+00	5.060527e-02
1.030695e+15	3.941912e+00	5.060457e-02
1.031445e+15	3.941978e+00	5.060360e-02
1.032202e+15	3.942045e+00	5.060262e-02
1.032524e+15	3.942073e+00	5.060220e-02
1.032954e+15	3.942111e+00	5.060164e-02
1.033708e+15	3.942178e+00	5.060067e-02
1.034462e+15	3.942245e+00	5.059969e-02
1.034905e+15	3.942284e+00	5.059911e-02
1.035218e+15	3.942312e+00	5.059871e-02
1.035969e+15	3.942378e+00	5.059774e-02
1.036727e+15	3.942445e+00	5.059675e-02
1.037291e+15	3.942495e+00	5.059602e-02
1.037480e+15	3.942512e+00	5.059578e-02
1.038234e+15	3.942578e+00	5.059480e-02
1.038990e+15	3.942645e+00	5.059382e-02
1.039683e+15	3.942707e+00	5.059292e-02
1.039740e+15	3.942712e+00	5.059284e-02
1.040498e+15	3.942779e+00	5.059186e-02
1.041251e+15	3.942845e+00	5.059089e-02
1.042005e+15	3.942912e+00	5.058991e-02
1.042080e+15	3.942919e+00	5.058981e-02
1.042760e+15	3.942979e+00	5.058893e-02
1.043510e+15	3.943045e+00	5.058796e-02
1.044268e+15	3.943112e+00	5.058697e-02
1.044482e+15	3.943131e+00	5.058670e-02
1.045020e+15	3.943179e+00	5.058600e-02
1.045774e+15	3.943245e+00	5.058502e-02
1.046529e+15	3.943312e+00	5.058404e-02
1.046889e+15	3.943344e+00	5.058357e-02
1.047279e+15	3.943378e+00	5.058307e-02
1.048036e+15	3.943445e+00	5.058209e-02
1.048788e+15	3.943512e+00	5.058111e-02
1.049302e+15	3.943557e+00	5.058045e-02
1.049542e+15	3.943578e+00	5.058014e-02
1.050296e+15	3.943645e+00	5.057916e-02
1.051051e+15	3.943712e+00	5.057818e-02
1.051720e+15	3.943771e+00	5.057731e-02
1.051808e+15	3.943779e+00	5.057720e-02
1.052560e+15	3.943845e+00	5.057622e-02
1.053313e+15	3.943912e+00	5.057525e-02
1.054067e+15	3.943979e+00	5.057427e-02
1.054149e+15	3.943986e+00	5.057416e-02
1.054822e+15	3.944045e+00	5.057329e-02
1.055578e+15	3.944112e+00	5.057231e-02
1.056329e+15	3.944179e+00	5.057133e-02
1.056578e+15	3.944201e+00	5.057101e-02
1.057081e+15	3.944245e+00	5.057036e-02
1.057835e+15	3.944312e+00	5.056938e-02
1.058589e+15	3.944379e+00	5.056840e-02
1.059011e+15	3.944416e+00	5.056786e-02
1.059345e+15	3.944446e+00	5.056742e-02
1.060101e+15	3.944512e+00	5.056644e-02
1.060853e+15	3.944579e+00	5.056547e-02
1.061456e+15	3.944632e+00	5.056469e-02
1.061606e+15	3.944646e+00	5.056449e-02
1.062360e+15	3.944712e+00	5.056351e-02
1.063115e+15	3.944779e+00	5.056254e-02
1.063871e+15	3.944846e+00	5.056156e-02
1.063901e+15	3.944848e+00	5.056152e-02
1.064622e+15	3.944912e+00	5.056058e-02
1.065374e+15	3.944979e+00	5.055961e-02
1.066133e+15	3.945046e+00	5.055862e-02
1.066356e+15	3.945066e+00	5.055833e-02
1.066888e+15	3.945113e+00	5.055764e-02
1.067637e+15	3.945179e+00	5.055667e-02
1.068393e+15	3.945246e+00	5.055569e-02
1.068811e+15	3.945283e+00	5.055515e-02
1.069145e+15	3.945312e+00	5.055472e-02
1.069903e+15	3.945379e+00	5.055373e-02
1.070657e+15	3.945446e+00	5.055276e-02
1.071277e+15	3.945501e+00	5.055195e-02
1.071411e+15	3.945513e+00	5.055178e-02
1.072161e+15	3.945579e+00	5.055081e-02
1.072918e+15	3.945646e+00	5.054982e-02
1.073669e+15	3.945712e+00	5.054885e-02
1.073743e+15	3.945719e+00	5.054875e-02
1.074422e+15	3.945779e+00	5.054787e-02
1.075176e+15	3.945846e+00	5.054690e-02
1.075931e+15	3.945912e+00	5.054592e-02
1.076220e+15	3.945938e+00	5.054554e-02
1.076687e+15	3.945979e+00	5.054494e-02
1.077438e+15	3.946046e+00	5.054396e-02
1.078196e+15	3.946113e+00	5.054298e-02
1.078702e+15	3.946158e+00	5.054232e-02
1.078949e+15	3.946179e+00	5.054200e-02
1.079703e+15	3.946246e+00	5.054103e-02
1.080458e+15	3.946313e+00	5.054005e-02
1.081189e+15	3.946378e+00	5.053910e-02
1.081208e+15	3.946379e+00	5.053907e-02
1.081965e+15	3.946446e+00	5.053809e-02
1.082717e+15	3.946513e+00	5.053712e-02
1.083470e+15	3.946579e+00	5.053614e-02
1.083681e+15	3.946598e+00	5.053587e-02
1.084224e+15	3.946646e+00	5.053516e-02
1.084979e+15	3.946713e+00	5.053418e-02
1.085735e+15	3.946780e+00	5.053320e-02
1.086179e+15	3.946819e+00	5.053263e-02
1.086486e+15	3.946846e+00	5.053223e-02
1.087244e+15	3.946913e+00	5.053125e-02
1.087997e+15	3.946980e+00	5.053027e-02
1.088682e+15	3.947040e+00	5.052938e-02
1.088752e+15	3.947046e+00	5.052929e-02
1.089507e+15	3.947113e+00	5.052831e-02
1.090257e+15	3.947180e+00	5.052734e-02
1.091014e+15	3.947247e+00	5.052636e-02
1.091191e+15	3.947262e+00	5.052613e-02
1.091766e+15	3.947313e+00	5.052538e-02
1.092519e+15	3.947380e+00	5.052441e-02
1.093273e+15	3.947446e+00	5.052343e-02
1.093711e+15	3.947485e+00	5.052286e-02
1.094028e+15	3.947513e+00	5.052245e-02
1.094784e+15	3.947580e+00	5.052147e-02
1.095535e+15	3.947646e+00	5.052050e-02
1.096229e+15	3.947708e+00	5.051960e-02
1.096293e+15	3.947713e+00	5.051951e-02
1.097046e+15	3.947780e+00	5.051854e-02
1.097800e+15	3.947847e+00	5.051756e-02
1.098555e+15	3.947913e+00	5.051658e-02
1.098754e+15	3.947931e+00	5.051632e-02
1.099305e+15	3.947980e+00	5.051561e-02
1.100062e+15	3.948047e+00	5.051463e-02
1.100813e+15	3.948113e+00	5.051365e-02
1.101289e+15	3.948155e+00	5.051304e-02
1.101566e+15	3.948180e+00	5.051268e-02
1.102320e+15	3.948246e+00	5.051170e-02
1.103074e+15	3.948313e+00	5.051072e-02
1.103830e+15	3.948380e+00	5.050974e-02
1.104587e+15	3.948447e+00	5.050876e-02
1.105338e+15	3.948513e+00	5.050779e-02
1.106091e+15	3.948580e+00	5.050681e-02
1.106370e+15	3.948605e+00	5.050645e-02
1.106844e+15	3.948647e+00	5.050583e-02
1.107599e+15	3.948713e+00	5.050485e-02
1.108354e+15	3.948780e+00	5.050387e-02
1.108921e+15	3.948830e+00	5.050314e-02
1.109111e+15	3.948847e+00	5.050289e-02
1.109862e+15	3.948913e+00	5.050192e-02
1.110614e+15	3.948980e+00	5.050094e-02
1.111367e+15	3.949047e+00	5.049997e-02
1.111478e+15	3.949056e+00	5.049982e-02
1.112121e+15	3.949113e+00	5.049899e-02
1.112876e+15	3.949180e+00	5.049801e-02
1.113632e+15	3.949247e+00	5.049703e-02
1.114040e+15	3.949283e+00	5.049650e-02
1.114389e+15	3.949314e+00	5.049605e-02
1.115141e+15	3.949380e+00	5.049507e-02
1.115893e+15	3.949447e+00	5.049410e-02
1.116607e+15	3.949510e+00	5.049317e-02
1.116647e+15	3.949514e+00	5.049312e-02
1.117401e+15	3.949580e+00	5.049214e-02
1.118157e+15	3.949647e+00	5.049116e-02
1.118907e+15	3.949714e+00	5.049019e-02
1.119186e+15	3.949738e+00	5.048983e-02
1.119665e+15	3.949781e+00	5.048921e-02
1.120417e+15	3.949847e+00	5.048823e-02
1.121170e+15	3.949914e+00	5.048726e-02
1.121764e+15	3.949966e+00	5.048649e-02
1.121924e+15	3.949980e+00	5.048628e-02
1.122679e+15	3.950047e+00	5.048530e-02
1.123435e+15	3.950114e+00	5.048432e-02
1.124186e+15	3.950180e+00	5.048335e-02
1.124346e+15	3.950195e+00	5.048314e-02
1.124944e+15	3.950247e+00	5.048236e-02
1.125696e+15	3.950314e+00	5.048139e-02
1.126450e+15	3.950381e+00	5.048041e-02
1.126941e+15	3.950424e+00	5.047977e-02
1.127204e+15	3.950447e+00	5.047943e-02
1.127959e+15	3.950514e+00	5.047845e-02
1.128709e+15	3.950580e+00	5.047748e-02
1.129467e+15	3.950647e+00	5.047650e-02
1.129541e+15	3.950654e+00	5.047640e-02
1.130218e+15	3.950714e+00	5.047552e-02
1.130971e+15	3.950781e+00	5.047455e-02
1.131725e+15	3.950847e+00	5.047357e-02
1.132146e+15	3.950884e+00	5.047302e-02
1.132480e+15	3.950914e+00	5.047259e-02
1.133235e+15	3.950981e+00	5.047161e-02
1.133992e+15	3.951048e+00	5.047063e-02
1.134743e+15	3.951114e+00	5.046966e-02
1.134750e+15	3.951115e+00	5.046965e-02
1.135495e+15	3.951181e+00	5.046868e-02
1.136248e+15	3.951247e+00	5.046771e-02
1.137009e+15	3.951315e+00	5.046672e-02
1.137365e+15	3.951346e+00	5.046626e-02
1.137757e+15	3.951381e+00	5.046575e-02
1.138513e+15	3.951448e+00	5.046477e-02
1.139270e+15	3.951514e+00	5.046379e-02
1.139993e+15	3.951578e+00	5.046285e-02
1.140021e+15	3.951581e+00	5.046281e-02
1.140773e+15	3.951647e+00	5.046184e-02
1.141533e+15	3.951715e+00	5.046085e-02
1.142280e+15	3.951781e+00	5.045988e-02
1.142619e+15	3.951811e+00	5.045944e-02
1.143035e+15	3.951847e+00	5.045890e-02
1.143791e+15	3.951914e+00	5.045792e-02
1.144548e+15	3.951981e+00	5.045694e-02
1.145250e+15	3.952043e+00	5.045603e-02
1.145299e+15	3.952048e+00	5.045597e-02
1.146051e+15	3.952114e+00	5.045499e-02
1.146804e+15	3.952181e+00	5.045402e-02
1.147558e+15	3.952248e+00	5.045304e-02
1.147893e+15	3.952277e+00	5.045260e-02
1.148313e+15	3.952314e+00	5.045206e-02
1.149069e+15	3.952381e+00	5.045108e-02
1.149826e+15	3.952448e+00	5.045010e-02
1.150542e+15	3.952511e+00	5.044917e-02
1.150577e+15	3.952515e+00	5.044913e-02
1.151329e+15	3.952581e+00	5.044815e-02
1.152082e+15	3.952648e+00	5.044717e-02
1.152836e+15	3.952714e+00	5.044620e-02
1.153188e+15	3.952746e+00	5.044574e-02
1.153591e+15	3.952781e+00	5.044522e-02
1.154347e+15	3.952848e+00	5.044424e-02
1.155103e+15	3.952915e+00	5.044326e-02
1.155847e+15	3.952981e+00	5.044229e-02
1.155854e+15	3.952981e+00	5.044228e-02
1.156606e+15	3.953048e+00	5.044131e-02
1.157366e+15	3.953115e+00	5.044032e-02
1.158120e+15	3.953182e+00	5.043934e-02
1.158511e+15	3.953216e+00	5.043884e-02
1.158867e+15	3.953248e+00	5.043838e-02
1.159623e+15	3.953315e+00	5.043740e-02
1.160380e+15	3.953382e+00	5.043641e-02
1.161130e+15	3.953448e+00	5.043544e-02
1.161187e+15	3.953453e+00	5.043537e-02
1.161889e+15	3.953515e+00	5.043446e-02
1.162641e+15	3.953582e+00	5.043348e-02
1.163395e+15	3.953648e+00	5.043250e-02
1.163862e+15	3.953690e+00	5.043190e-02
1.164149e+15	3.953715e+00	5.043153e-02
1.164905e+15	3.953782e+00	5.043055e-02
1.165654e+15	3.953848e+00	5.042958e-02
1.166411e+15	3.953915e+00	5.042859e-02
1.166541e+15	3.953927e+00	5.042842e-02
1.167162e+15	3.953981e+00	5.042762e-02
1.167922e+15	3.954049e+00	5.042663e-02
1.168675e+15	3.954115e+00	5.042566e-02
1.169233e+15	3.954165e+00	5.042493e-02
1.169429e+15	3.954182e+00	5.042468e-02
1.170184e+15	3.954249e+00	5.042370e-02
1.170933e+15	3.954315e+00	5.042273e-02
1.171690e+15	3.954382e+00	5.042175e-02
1.171930e+15	3.954403e+00	5.042144e-02
1.172440e+15	3.954448e+00	5.042078e-02
1.173199e+15	3.954515e+00	5.041979e-02
1.173952e+15	3.954582e+00	5.041882e-02
1.174632e+15	3.954642e+00	5.041793e-02
1.174705e+15	3.954649e+00	5.041784e-02
1.175460e+15	3.954715e+00	5.041686e-02
1.176215e+15	3.954782e+00	5.041588e-02
1.176964e+15	3.954848e+00	5.041491e-02
1.177339e+15	3.954882e+00	5.041442e-02
1.177722e+15	3.954915e+00	5.041393e-02
1.178473e+15	3.954982e+00	5.041295e-02
1.179225e+15	3.955048e+00	5.041198e-02
1.179985e+15	3.955116e+00	5.041099e-02
1.180052e+15	3.955121e+00	5.041091e-02
1.180739e+15	3.955182e+00	5.041001e-02
1.181487e+15	3.955248e+00	5.040905e-02
1.182242e+15	3.955315e+00	5.040806e-02
1.182769e+15	3.955362e+00	5.040738e-02
1.182999e+15	3.955382e+00	5.040708e-02
1.183750e+15	3.955449e+00	5.040611e-02
1.184508e+15	3.955516e+00	5.040513e-02
1.185261e+15	3.955582e+00	5.040415e-02
1.185499e+15	3.955603e+00	5.040384e-02
1.186014e+15	3.955649e+00	5.040317e-02
1.186768e+15	3.955715e+00	5.040220e-02
1.187523e+15	3.955782e+00	5.040122e-02
1.188234e+15	3.955845e+00	5.040030e-02
1.188279e+15	3.955849e+00	5.040024e-02
1.189029e+15	3.955915e+00	5.039927e-02
1.189787e+15	3.955982e+00	5.039828e-02
1.190538e+15	3.956049e+00	5.039731e-02
1.190975e+15	3.956088e+00	5.039674e-02
1.191291e+15	3.956115e+00	5.039633e-02
1.192044e+15	3.956182e+00	5.039536e-02
1.192798e+15	3.956249e+00	5.039438e-02
1.193554e+15	3.956316e+00	5.039340e-02
1.193720e+15	3.956330e+00	5.039318e-02
1.194310e+15	3.956383e+00	5.039242e-02
1.195060e+15	3.956449e+00	5.039145e-02
1.195818e+15	3.956516e+00	5.039046e-02
1.196471e+15	3.956574e+00	5.038962e-02
1.196569e+15	3.956582e+00	5.038949e-02
1.197322e+15	3.956649e+00	5.038851e-02
1.198075e+15	3.956716e+00	5.038754e-02
1.198830e+15	3.956782e+00	5.038656e-02
1.199226e+15	3.956817e+00	5.038604e-02
1.199585e+15	3.956849e+00	5.038558e-02
1.200341e+15	3.956916e+00	5.038460e-02
1.201091e+15	3.956982e+00	5.038362e-02
1.201849e+15	3.957049e+00	5.038264e-02
1.201994e+15	3.957062e+00	5.038245e-02
1.202600e+15	3.957116e+00	5.038167e-02
1.203353e+15	3.957182e+00	5.038069e-02
1.204106e+15	3.957249e+00	5.037972e-02
1.204760e+15	3.957307e+00	5.037887e-02
1.204860e+15	3.957316e+00	5.037874e-02
1.205615e+15	3.957382e+00	5.037776e-02
1.206372e+15	3.957449e+00	5.037678e-02
1.207129e+15	3.957516e+00	5.037580e-02
1.207539e+15	3.957553e+00	5.037526e-02
1.207879e+15	3.957583e+00	5.037482e-02
1.208630e+15	3.957649e+00	5.037385e-02
1.209390e+15	3.957716e+00	5.037286e-02
1.210143e+15	3.957783e+00	5.037189e-02
1.210322e+15	3.957799e+00	5.037165e-02
1.210897e+15	3.957850e+00	5.037091e-02
1.211652e+15	3.957916e+00	5.036993e-02
1.212401e+15	3.957983e+00	5.036896e-02
1.213111e+15	3.958045e+00	5.036804e-02
1.213157e+15	3.958049e+00	5.036798e-02
1.213908e+15	3.958116e+00	5.036701e-02
1.214666e+15	3.958183e+00	5.036602e-02
1.215418e+15	3.958249e+00	5.036505e-02
1.215912e+15	3.958293e+00	5.036441e-02
1.216171e+15	3.958316e+00	5.036407e-02
1.216925e+15	3.958383e+00	5.036309e-02
1.217679e+15	3.958449e+00	5.036211e-02
1.218435e+15	3.958516e+00	5.036113e-02
1.218711e+15	3.958541e+00	5.036078e-02
1.219192e+15	3.958583e+00	5.036015e-02
1.219941e+15	3.958649e+00	5.035918e-02
1.220700e+15	3.958717e+00	5.035820e-02
1.221451e+15	3.958783e+00	5.035722e-02
1.221522e+15	3.958789e+00	5.035713e-02
1.222204e+15	3.958850e+00	5.035625e-02
1.222957e+15	3.958916e+00	5.035527e-02
1.223711e+15	3.958983e+00	5.035429e-02
1.224339e+15	3.959038e+00	5.035348e-02
1.224466e+15	3.959050e+00	5.035331e-02
1.225222e+15	3.959117e+00	5.035233e-02
